,48,-991,-215,-23.
S01: 12812,9115,-6317,-1,-23,-29,-999,-239,-7.
S01: 13431,9034,-6258,8,-4,6,-967,-207,-19.
S01: 13016,9062,-6277,-4,-20,7,-967,-151,-1.
S01: 13256,9075,-6457,25,-17,-27,-975,-159,-9.
S01: 13157,9052,-6226,-2,-21,25,-1007,-183,-11.
S01: 13035,9019,-6380,16,-16,-3,-943,-175,-13.
S01: 13171,9050,-6334,-2,-16,-1,-959,-167,-23.
S01: 12971,9024,-6410,-3,-5,26,-999,-191,-9.
S01: 12957,9222,-6286,5,-8,-22,-96S01: 13063,9148,-6202,-9,11,-3,-975,-167,-39.
S01: 13173,9189,-6180,10,-20,-3,-967,-175,3.
S01: 13252,9015,-6068,-5,-2,-4,-1007,-199,-17.
S01: 12987,9138,-6489,-2,-9,-11,-1031,-143,15.
S01: 13133,9082,-6158,10,7,-6,-1015,-167,-5.
S01: 13071,9025,-6333,14,-30,19,-991,-199,-19.
S01: 13042,9073,-6483,15,-19,5,-983,-175,-21.
S01: 13121,9037,-6293,-18,-8,1,-1007,-215,-17.
S01: 13185,9016,-6290,20,-14,9,-1007,-167,-5.
S01: 13120,9113,-6471,-7,-12,-14,-927,-207,-9.
S01: 13080,8941,-6394,8,2,19,-983,-191,-41.
S01: 13116,9138,-6243,6,-19,-14,-999,-199,5.
S01: 13127,9061,-6158,0,-8,11,-975,-183,1.
S01: 13078,8979,-6242,16,-11,-4,-1015,-167,-17.
S01: 13120,9163,-6426,0,-12,-4,-959,-191,19.
S01: 12873,9096,-6175,-3,-7,11,-1055,-191,11.
S01: 13043,9070,-6344,11,-17,3,-935,-183,-7.
S01: 13104,9092,-6358,-6,-20,-3,-991,-191,7.
S01: 13033,8945,-6430,11,-12,1,-983,-151,13.
S01: 13013,9162,-6180,-3,-16,-3,-999,-183,11.
S01: 13064,9021,-6346,8,-12,8,-967,-183,7.
S01: 13237,9043,-6283,4,1,-2,-975,-151,-31.
S01: 13053,9049,-6379,4,-11,4,-983,-199,-35.
S01: 12976,9028,-6353,14,-14,7,-975,-191,-3.
S01: 13192,9151,-6269,2,-2,-6,-991,-199,21.
S01: 12940,9050,-6293,2,-3,9,-999,-175,-23.
S01: 13028,9060,-6445,14,-12,-7,-999,-199,17.
S01: 13155,9055,-6243,0,-10,-2,-1023,-199,-9.
S01: 13002,9001,-6407,5,-10,1,-1015,-207,-15.
S01: 13147,9145,-6238,2,-24,-10,-991,-223,-7.
S01: 13111,8969,-6382,1,-6,4,-975,-183,5.
S01: 13069,9085,-6410,0,-4,-7,-991,-127,-5.
S01: 13142,8934,-6296,-12,15,10,-1015,-167,9.
S01: 13049,9051,-6366,-3,-12,-3,-1047,-215,-9.
S01: 13349,9042,-5980,4,-15,16,-999,-175,19.
S01: 12766,8962,-6409,27,-69,2,-1007,-207,-25.
S01: 12951,9137,-6165,1,2,4,-983,-191,23.
S01: 13136,9008,-6181,1,-24,-4,-951,-183,-1.
S01: 13174,9137,-6266,8,-23,9,-1007,-167,-13.
S01: 12904,8949,-6800,28,-64,12,-1007,-159,-17.
S01: 13253,9137,-6428,-28,23,-10,-1055,-191,1.
S01: 13020,9024,-6402,6,-12,18,-975,-135,-5.
S01: 13337,8940,-6235,5,-11,-29,-1015,-191,-15.
S01: 12854,9173,-6533,5,-22,16,-999,-183,-19.
S01: 13318,8861,-6393,-9,9,-17,-1007,-199,-5.
S01: 13136,9495,-6302,6,-22,15,-999,-151,-19.
S01: 13233,8856,-6348,7,-12,-3,-959,-167,1.
S01: 12991,9287,-6116,10,-8,-7,-983,-207,9.
S01: 13229,8996,-6345,6,-24,8,-999,-183,7.
S01: 13003,9184,-6321,7,-6,-8,-991,-151,-9.
S01: 13147,8989,-6357,9,-15,6,-999,-175,-15.
S01: 13070,9188,-6326,0,-13,-3,-1007,-207,7.
S01: 13147,9115,-6333,7,-18,9,-991,-175,-31.
S01: 12951,9074,-6405,1,-11,3,-1007,-143,11.
S01: 13137,9111,-6381,8,-18,8,-1039,-159,-19.
S01: 13140,9202,-6588,-4,-43,9,-1023,-175,-15.
S01: 13094,9098,-6302,9,-52,15,-959,-199,-15.
S01: 13156,9082,-6173,-8,-14,-6,-967,-175,1.
S01: 13131,9129,-6348,6,4,6,-967,-167,-3.
S01: 13084,8835,-6378,-1,-10,-13,-967,-135,-25.
S01: 13171,9161,-6209,11,-30,4,-927,-175,-17.
S01: 12987,9078,-6366,9,-24,-11,-983,-183,-5.
S01: 13114,9173,-6209,-9,4,3,-1023,-191,-13.
S01: 13147,9008,-6157,0,-4,12,-999,-191,5.
S01: 12963,9125,-6398,6,-28,6,-1007,-199,-5.
S01: 12987,9010,-6455,9,-25,2,-1031,-183,-27.
S01: 13095,8950,-6146,-7,-4,-3,-999,-215,9.
S01: 13104,8948,-6377,5,-6,4,-1023,-175,27.
S01: 13037,8952,-6420,-1,-7,-6,-1023,-191,1.
S01: 13174,9065,-6377,5,-23,-4,-975,-135,9.
S01: 13027,9192,-6186,-5,-18,9,-983,-183,7.
S01: 13131,9080,-6251,0,-17,1,-991,-167,-7.
S01: 13050,9025,-6400,7,-7,1,-1007,-183,3.
S01: 13025,9069,-6357,5,-13,0,-975,-199,-1.
S01: 13086,9157,-6327,-3,-21,-7,-967,-207,-23.
S01: 13057,9093,-6322,1,-10,2,-991,-191,15.
S01: 13158,9035,-6234,-1,-16,-5,-983,-215,9.
S01: 13052,9012,-6376,9,-16,6,-991,-191,3.
S01: 13071,9109,-6300,1,-14,-3,-1007,-191,-17.
S01: 13079,9139,-6267,10,-15,3,-1007,-199,-17.
S01: 13183,9051,-6320,2,-11,3,-975,-151,-7.
S01: 13178,9086,-6493,15,-19,2,-967,-199,1.
S01: 13104,9075,-6444,1,-18,2,-1015,-199,-9.
S01: 13120,9015,-6244,11,-24,5,-999,-183,15.
S01: 13058,9074,-6267,6,-14,9,-967,-199,-19.
S01: 13007,9149,-6211,-3,-4,6,-975,-175,-23.
S01: 13083,9075,-6472,9,-14,3,-975,-231,-11.
S01: 12963,9054,-6341,7,-18,8,-991,-167,27.
S01: 13096,9212,-6303,3,-14,4,-983,-191,-11.
S01: 13095,9015,-6223,5,-9,-3,-991,-231,-5.
S01: 13122,8962,-6391,-2,-6,4,-999,-207,19.
S01: 13109,9032,-6411,6,-16,-1,-999,-191,-9.
S01: 13259,9173,-6482,2,-21,2,-951,-151,-11.
S01: 13101,9087,-6166,7,-14,2,-999,-215,-11.
S01: 13091,9101,-6306,5,-10,1,-1031,-207,-7.
S01: 13054,9002,-6359,3,-14,4,-975,-159,11.
S01: 13107,9043,-6285,10,-15,-3,-999,-191,-37.
S01: 13146,9028,-6163,-7,-16,1,-1007,-183,-15.
S01: 13146,9193,-6355,10,-11,5,-983,-207,-23.
S01: 13188,9155,-6323,9,-17,-5,-991,-183,19.
S01: 12948,9133,-6341,-8,-14,3,-967,-183,-11.
S01: 13117,9267,-6259,9,-10,-15,-983,-175,-7.
S01: 13117,9096,-6442,11,-10,2,-991,-207,7.
S01: 12999,9009,-6106,5,-9,-3,-975,-119,-7.
S01: 13097,9055,-6353,10,-10,-1,-967,-175,3.
S01: 13038,9029,-6354,7,-18,8,-959,-207,-17.
S01: 13007,9064,-6178,-5,-17,-3,-1023,-215,-5.
S01: 13000,8819,-6258,-7,-11,5,-967,-159,-33.
S01: 13066,9038,-6140,11,-10,6,-959,-191,-9.
S01: 13146,9105,-6408,9,-17,-3,-1023,-199,-1.
S01: 13139,9183,-6204,2,-20,-6,-967,-183,-1.
S01: 13065,9239,-6312,-2,-12,-1,-959,-191,-13.
S01: 13112,9103,-6415,15,-6,3,-999,-191,9.
S01: 13015,8965,-6403,1,-14,-1,-991,-191,1.
S01: 13138,9089,-6342,1,-13,11,-975,-135,-21.
S01: 13118,9058,-6256,2,-10,-3,-1023,-175,7.
S01: 13027,9033,-6283,2,-13,6,-1031,-199,-7.
S01: 13115,9079,-6365,-1,-12,3,-983,-167,5.
S01: 13013,9155,-6207,9,-22,7,-991,-199,-9.
S01: 13142,9166,-6473,-3,-22,4,-999,-191,-13.
S01: 13107,9055,-6316,5,-17,0,-1007,-175,-1.
S01: 13092,8917,-6432,3,-13,2,-951,-191,9.
S01: 13085,9015,-6184,7,-16,-4,-991,-183,-13.
S01: 13171,9021,-6289,6,-14,-3,-983,-175,5.
S01: 12938,9024,-6369,4,-13,3,-999,-231,9.
S01: 13078,9009,-6413,4,-12,1,-999,-199,-43.
S01: 13082,9141,-6370,15,-12,7,-967,-191,-31.
S01: 13211,9063,-6311,-2,-17,0,-1023,-183,-9.
S01: 13063,8965,-6366,3,-15,3,-991,-183,-17.
S01: 13102,9047,-6250,3,-13,5,-1023,-183,19.
S01: 13062,9003,-6482,7,-17,-1,-991,-183,9.
S01: 13091,9114,-6348,2,-15,1,-951,-183,13.
S01: 13078,9019,-6399,7,-9,-2,-1007,-199,-21.
S01: 13052,9110,-6274,7,-20,8,-983,-143,-17.
S01: 12984,8956,-6278,1,-16,7,-1015,-159,-3.
S01: 13081,9063,-6333,4,-17,-2,-1015,-175,5.
S01: 13131,9096,-6410,-4,-9,3,-975,-183,29.
S01: 12955,9074,-6483,6,-14,-6,-1015,-215,-15.
S01: 13131,9083,-6469,2,-17,-2,-967,-159,-27.
S01: 12916,9007,-6258,-7,-16,6,-959,-191,-15.
S01: 13025,9195,-6390,9,-7,1,-999,-151,11.
S01: 13164,9066,-6262,-1,-14,5,-999,-175,-13.
S01: 13116,9138,-6429,5,-13,10,-999,-159,-11.
S01: 13058,9030,-6301,-3,-17,1,-975,-143,3.
S01: 13033,9117,-6469,6,-12,-2,-1023,-143,15.
S01: 13109,9136,-6337,2,-12,5,-983,-151,-15.
S01: 13064,9021,-6269,5,-15,-1,-999,-167,-11.
S01: 13091,9024,-6297,5,-6,0,-991,-191,-35.
S01: 13139,9033,-6386,1,-15,3,-1023,-175,15.
S01: 13061,9069,-6206,3,-11,-1,-959,-191,-7.
S01: 13141,9081,-6210,2,-11,4,-1031,-167,5.
S01: 12952,9142,-6302,4,-9,-10,-1015,-175,-11.
S01: 13095,8984,-6406,-1,-9,9,-991,-143,1.
S01: 13066,9066,-6197,9,-9,8,-967,-207,3.
S01: 13078,9162,-6338,6,-13,0,-1047,-151,-31.
S01: 13094,9034,-6479,3,-10,8,-1023,-143,-9.
S01: 13167,9019,-6283,-3,-9,3,-959,-151,-15.
S01: 13175,9058,-6248,0,-10,3,-967,-167,-5.
S01: 13159,9110,-6390,1,-12,2,-1023,-175,-37.
S01: 13030,9184,-6174,9,-13,0,-1023,-215,3.
S01: 13039,9100,-6438,2,-19,-1,-975,-143,5.
S01: 13181,9000,-6208,5,-24,-2,-991,-135,23.
S01: 13132,9046,-6265,-3,-25,8,-1023,-239,-21.
S01: 12989,8996,-6443,-3,-11,0,-967,-183,11.
S01: 13058,9024,-6390,-5,-7,-1,-1031,-183,7.
S01: 13142,9160,-6306,3,-17,2,-991,-191,-7.
S01: 13066,8969,-6339,9,-20,7,-1007,-175,-3.
S01: 13117,9117,-6307,-1,-12,9,-1039,-207,-11.
S01: 13062,9084,-6553,8,-17,2,-1023,-167,-17.
S01: 13141,9051,-6247,-9,-11,-5,-975,-167,1.
S01: 13038,9043,-6541,6,-11,4,-991,-207,9.
S01: 13057,9020,-6132,4,-14,-5,-975,-175,-7.
S01: 13199,9123,-6222,9,-12,2,-1015,-159,1.
S01: 12949,9074,-6290,7,-7,2,-975,-183,1.
S01: 12952,9018,-6487,9,-13,2,-983,-183,-19.
S01: 13004,9040,-6356,3,-17,1,-1023,-183,-15.
S01: 13131,9128,-6317,5,-18,5,-1023,-167,-31.
S01: 13065,9035,-6273,0,-14,5,-1015,-167,-11.
S01: 13102,9046,-6365,9,-9,6,-1007,-135,-15.
S01: 13089,9106,-6406,5,-15,7,-983,-199,-9.
S01: 13022,9014,-6315,5,-29,12,-983,-183,5.
S01: 13117,8967,-6238,14,-16,0,-967,-175,-11.
S01: 13175,9075,-6530,2,-12,12,-1015,-183,7.
S01: 13089,8893,-6111,1,-1,1,-1015,-215,-7.
S01: 13075,9143,-6247,10,-16,4,-999,-191,11.
S01: 13085,9101,-6173,3,-18,2,-1023,-191,1.
S01: 13055,9153,-6232,0,-19,5,-975,-215,11.
S01: 13071,9194,-6334,7,-9,10,-991,-159,-7.
S01: 13018,9009,-6366,4,-14,-7,-975,-199,3.
S01: 13065,9089,-6226,13,-8,10,-999,-167,-21.
S01: 13081,9249,-6266,0,-11,-1,-991,-175,7.
S01: 12992,9013,-6443,-2,-16,4,-1055,-159,-5.
S01: 13014,9119,-6226,3,-4,7,-983,-183,-7.
S01: 13055,9198,-6254,3,-11,-1,-967,-183,25.
S01: 13127,9119,-6401,-1,-12,-7,-1063,-159,-1.
S01: 13130,9191,-6272,2,-12,5,-999,-183,7.
S01: 13024,9113,-6242,2,-13,4,-975,-183,1.
S01: 13049,8973,-6204,3,-16,1,-1007,-143,-17.
S01: 13087,9060,-6257,1,-18,1,-983,-159,1.
S01: 13178,9069,-6366,-4,-5,5,-999,-151,-13.
S01: 13222,9114,-6301,-3,-5,2,-983,-175,-15.
S01: 13132,9028,-6282,5,-16,5,-1015,-175,-9.
S01: 13111,9239,-6484,8,-16,3,-959,-151,-9.
S01: 13049,9041,-6179,-2,-13,-5,-999,-167,9.
S01: 13057,9084,-6390,19,-12,6,-991,-175,-1.
S01: 12995,9131,-6126,-5,-16,3,-999,-183,5.
S01: 13118,9102,-6306,14,-7,4,-991,-183,29.
S01: 13021,8993,-6392,-5,-11,-4,-1023,-207,-19.
S01: 13029,9131,-6524,13,-16,7,-983,-175,13.
S01: 13134,9120,-6343,2,-15,4,-1007,-199,-9.
S01: 13165,9139,-6285,7,-6,5,-983,-183,3.
S01: 13153,9095,-6452,4,-10,-4,-975,-175,9.
S01: 13074,9008,-6442,3,-1,8,-935,-167,-13.
S01: 12989,9103,-6389,-1,-13,2,-1007,-191,5.
S01: 13091,9116,-6309,10,-17,2,-1015,-191,-5.
S01: 13122,8893,-6434,-3,-18,12,-1007,-183,-11.
S01: 13195,9022,-6185,5,-4,-2,-1023,-199,9.
S01: 13060,9153,-6425,7,-14,0,-1007,-191,-11.
S01: 13004,9100,-6309,1,-8,6,-975,-207,-11.
S01: 13160,9036,-6405,3,-11,6,-999,-175,-19.
S01: 13086,9056,-6209,-1,-13,9,-975,-151,-11.
S01: 13081,8961,-6341,-2,-22,1,-1015,-183,3.
S01: 13092,9153,-6165,0,-10,2,-1023,-183,-15.
S01: 13059,8941,-6180,-5,-5,5,-991,-135,3.
S01: 13187,8995,-6318,8,-11,0,-959,-167,-27.
S01: 13051,9060,-6258,2,-9,10,-1079,-199,-11.
S01: 13084,8936,-6413,2,-16,-1,-1023,-159,-9.
S01: 13119,9082,-6239,5,-15,1,-1023,-175,-1.
S01: 13075,9091,-6243,6,-16,-4,-1015,-199,-3.
S01: 13087,9126,-6308,2,-15,4,-1039,-175,9.
S01: 13024,9101,-6297,8,-16,4,-1007,-215,-15.
S01: 12978,9047,-6529,8,-12,5,-1007,-215,1.
S01: 13036,9044,-6357,3,-17,8,-975,-191,7.
S01: 13139,9073,-6433,-2,-13,13,-991,-175,-13.
S01: 13123,9085,-6264,-3,-18,9,-975,-159,-11.
S01: 13135,9057,-6417,7,-14,11,-1031,-167,-25.
S01: 13106,9048,-6314,6,-10,0,-1023,-239,-1.
S01: 13027,9165,-6276,1,-7,2,-975,-183,1.
S01: 13025,9053,-6418,-1,-14,-1,-1007,-183,-35.
S01: 13001,9144,-6147,-3,-8,4,-991,-183,-1.
S01: 13085,9114,-6333,5,-13,8,-1055,-159,-13.
S01: 13154,9109,-6497,-1,-14,5,-983,-143,5.
S01: 13207,9036,-6345,7,-14,6,-999,-175,5.
S01: 13015,9087,-6266,0,-12,0,-1015,-151,7.
S01: 13007,9125,-6318,2,-18,7,-1031,-167,7.
S01: 13071,9000,-6254,-5,-6,-2,-1031,-191,-19.
S01: 13033,9095,-6405,11,-16,7,-1031,-175,7.
S01: 13082,9093,-6213,3,-16,3,-1023,-183,3.
S01: 13130,9094,-6172,3,-14,7,-1031,-151,1.
S01: 13087,9077,-6281,11,-13,5,-991,-199,5.
S01: 13129,9109,-6344,6,-8,3,-1047,-175,-11.
S01: 12998,8942,-6504,6,-5,-3,-1063,-159,-13.
S01: 13094,9047,-6500,4,-16,3,-999,-175,-3.
S01: 13248,8996,-6359,-7,-15,5,-983,-207,-5.
S01: 13163,9203,-6221,7,-12,4,-1015,-183,21.
S01: 13175,9051,-6279,-4,-10,3,-1015,-135,-5.
S01: 13146,9000,-6215,-1,-9,3,-983,-167,7.
S01: 13155,9145,-6361,0,-19,0,-975,-199,-19.
S01: 13049,9220,-6238,1,-12,5,-1031,-199,-27.
S01: 13096,9129,-6312,5,-9,3,-1015,-191,-31.
S01: 12949,9100,-6195,1,-5,0,-999,-191,1.
S01: 13036,8999,-6447,3,-11,2,-967,-167,-5.
S01: 13064,9003,-6370,7,-12,2,-1023,-199,11.
S01: 13130,8985,-6417,-3,-8,3,-983,-175,-37.
S01: 13051,9069,-6311,-4,-9,2,-975,-151,5.
S01: 13187,9054,-6262,1,-6,6,-999,-207,7.
S01: 13074,9166,-6346,2,-13,-3,-1055,-175,-9.
S01: 13153,9121,-6337,0,-14,12,-935,-191,-1.
S01: 13196,9080,-6227,1,-9,-5,-1031,-167,-3.
S01: 13166,9065,-6279,7,-15,15,-967,-159,-3.
S01: 13075,9184,-6249,-3,-13,6,-1007,-183,-5.
S01: 13029,9116,-6262,1,-17,3,-983,-199,3.
S01: 13043,9063,-6372,2,-15,-1,-1031,-199,-15.
S01: 13043,9120,-6214,-1,-16,4,-967,-191,-27.
S01: 13013,9090,-6296,-2,-18,4,-999,-167,-11.
S01: 13118,8980,-6418,-2,-3,12,-983,-183,-23.
S01: 13038,9015,-6398,7,-14,7,-975,-175,-17.
S01: 13150,9039,-6409,2,-9,0,-967,-167,-7.
S01: 13145,9117,-6361,7,-3,-2,-1031,-159,11.
S01: 12915,9172,-6384,5,-7,5,-991,-183,-3.
S01: 13127,9084,-6235,8,-7,16,-967,-159,-1.
S01: 13122,9136,-6174,3,-17,-1,-975,-199,-19.
S01: 13195,9178,-6203,0,-9,0,-1023,-159,-7.
S01: 13028,9131,-6266,1,-8,2,-983,-231,-21.
S01: 13041,9117,-6317,-2,-9,3,-975,-151,1.
S01: 13075,9060,-6374,-8,-1,-1,-983,-167,-35.
S01: 13141,9063,-6368,7,-6,13,-1015,-175,-15.
S01: 13168,9116,-6531,8,-16,1,-959,-199,3.
S01: 13117,9056,-6486,-1,-16,11,-1039,-159,-21.
S01: 13176,9081,-6353,-8,-8,7,-1031,-167,13.
S01: 13036,8937,-6358,8,-3,7,-1031,-167,-35.
S01: 13197,9029,-6265,10,-10,0,-983,-167,-1.
S01: 13110,9168,-6341,4,-14,3,-1015,-167,-15.
S01: 13035,9058,-6271,9,-12,-4,-991,-183,-5.
S01: 13138,9055,-6441,6,-15,13,-1015,-183,-5.
S01: 13141,8969,-6441,2,-17,-3,-1007,-135,-19.
S01: 12992,9103,-6250,8,-22,-2,-975,-215,1.
S01: 12988,9130,-6393,-1,-14,3,-1031,-175,-19.
S01: 13156,9091,-6209,7,-8,5,-1007,-111,9.
S01: 13093,9179,-6326,-4,-8,-1,-1023,-191,-37.
S01: 13166,9025,-6322,10,-13,4,-967,-183,9.
S01: 13182,8940,-6312,1,-11,-3,-1015,-199,-1.
S01: 13122,9118,-6281,7,-15,22,-999,-159,5.
S01: 13035,9157,-6372,7,-11,6,-991,-167,-13.
S01: 13029,9120,-6221,5,-3,11,-935,-175,-1.
S01: 13157,9063,-6314,3,-13,12,-959,-183,-9.
S01: 12955,9176,-6422,1,-16,0,-1031,-223,11.
S01: 13078,9139,-6283,6,-22,3,-1015,-175,5.
S01: 13190,9164,-6202,10,-11,5,-983,-159,9.
S01: 13098,9230,-6332,0,-9,3,-1007,-151,-3.
S01: 13097,9199,-6361,-2,-7,-2,-1023,-159,-19.
S01: 12983,9044,-6182,5,-16,-2,-1007,-167,-1.
S01: 13060,8982,-6347,3,-19,13,-991,-167,-17.
S01: 13096,9081,-6250,4,-13,11,-983,-191,-13.
S01: 13025,9134,-6249,-5,-14,5,-999,-183,-7.
S01: 13054,9138,-6127,4,-14,2,-975,-175,-9.
S01: 13096,9149,-6350,5,-12,4,-1023,-175,5.
S01: 12954,9025,-6194,1,-10,10,-983,-135,-1.
S01: 13071,9109,-6265,-5,-12,0,-999,-183,-23.
S01: 13015,9122,-6393,2,-9,-2,-1031,-135,19.
S01: 13182,9161,-6271,6,-1,4,-1055,-151,-3.
S01: 13151,9138,-6225,-2,-6,6,-999,-191,1.
S01: 13067,9102,-6211,1,-4,4,-1031,-159,-11.
S01: 13122,9114,-6324,4,-12,2,-975,-151,1.
S01: 13188,9058,-6539,4,-10,3,-967,-215,-7.
S01: 13051,9003,-6461,3,-15,4,-999,-191,-9.
S01: 13026,8969,-6329,6,-12,0,-991,-159,-7.
S01: 13088,9118,-6406,-3,-13,2,-1031,-175,-5.
S01: 13084,9104,-6367,12,-6,3,-1031,-183,-1.
S01: 13096,9197,-6344,6,-11,6,-1047,-159,-23.
S01: 13208,9180,-6276,-5,-10,6,-991,-183,-7.
S01: 12965,8981,-6375,-1,-15,-3,-1007,-191,13.
S01: 13142,9061,-6209,8,-8,9,-1007,-199,11.
S01: 13132,9180,-6233,-3,-12,3,-959,-167,5.
S01: 13088,9095,-6361,4,-10,10,-991,-175,1.
S01: 13124,9036,-6321,-5,-17,5,-991,-199,-17.
S01: 13070,9076,-6429,1,-12,-5,-1007,-151,11.
S01: 13206,9076,-6321,7,-26,5,-983,-183,-19.
S01: 13075,9132,-6335,-2,-7,1,-935,-143,-5.
S01: 13112,9200,-6310,7,-6,0,-1015,-167,-9.
S01: 13085,9019,-6245,1,-8,7,-975,-199,19.
S01: 13041,9044,-6379,-3,-19,7,-1015,-183,-3.
S01: 13061,9202,-6198,-2,-8,-6,-975,-159,-3.
S01: 13136,9205,-6501,9,-19,0,-1023,-167,-1.
S01: 13070,9012,-6174,6,-23,4,-967,-175,-5.
S01: 13048,9185,-6367,4,-11,3,-975,-207,-29.
S01: 13076,8965,-6376,-1,-19,8,-1023,-207,-17.
S01: 13165,9190,-6171,7,-11,-1,-1015,-183,-13.
S01: 13174,9132,-6241,1,-11,2,-1015,-175,-11.
S01: 13154,9091,-6247,4,-20,9,-1007,-167,-29.
S01: 13184,8940,-6344,2,-21,5,-999,-183,17.
S01: 13094,9258,-6256,3,-9,0,-1007,-199,9.
S01: 13040,9138,-6259,-1,-7,8,-983,-191,1.
S01: 13078,9015,-6260,6,-12,12,-1039,-207,-15.
S01: 12986,9138,-6375,6,-16,5,-951,-127,-3.
S01: 13095,8904,-6256,3,-6,1,-999,-167,-37.
S01: 13070,9118,-6291,4,-10,-2,-983,-167,-3.
S01: 13067,9092,-6304,9,-20,6,-999,-191,-15.
S01: 13018,9042,-6226,4,-8,-3,-975,-183,-21.
S01: 13070,9131,-6245,6,-10,-1,-991,-143,-3.
S01: 13044,9089,-6342,13,-18,11,-1023,-191,-27.
S01: 13145,9027,-6469,7,-11,1,-1015,-175,17.
S01: 13158,9049,-6338,0,-6,-2,-975,-183,-25.
S01: 13044,9041,-6483,3,-15,9,-1007,-159,17.
S01: 13055,9171,-6476,9,-9,4,-959,-143,9.
S01: 13013,9076,-6334,0,-14,5,-1015,-159,-5.
S01: 13056,8924,-6243,12,-23,0,-1007,-175,7.
S01: 13065,9104,-6290,-2,-14,2,-1007,-199,-43.
S01: 13122,9074,-6284,11,-14,2,-983,-151,9.
S01: 13258,9129,-6356,-2,-22,1,-999,-175,-25.
S01: 13133,9094,-6207,7,-9,1,-1015,-215,-15.
S01: 13077,9134,-6182,4,-9,4,-1023,-207,11.
S01: 13173,9078,-6413,-1,-8,1,-959,-199,1.
S01: 12965,9216,-6532,3,-24,5,-975,-191,7.
S01: 13219,9098,-6301,-4,-18,-5,-967,-159,3.
S01: 13249,9150,-6212,2,-18,10,-1031,-175,9.
S01: 13229,8981,-6233,0,-19,-1,-991,-199,-15.
S01: 13136,9169,-6200,7,-12,1,-1047,-159,-19.
S01: 13065,9122,-6119,4,-15,2,-991,-151,-15.
S01: 13162,9038,-6392,-2,-12,11,-1007,-127,7.
S01: 13100,9099,-6423,2,0,-2,-959,-199,-1.
S01: 13212,9112,-6304,-1,-12,0,-1015,-207,-17.
S01: 13063,9111,-6266,-3,-16,3,-991,-191,-9.
S01: 13120,9028,-6218,1,-19,2,-1031,-167,3.
S01: 12984,9119,-6245,2,-10,2,-959,-175,-13.
S01: 13044,9028,-6348,3,-11,3,-999,-207,-5.
S01: 13117,9149,-6355,-1,-22,0,-999,-223,-1.
S01: 13003,9151,-6275,4,-16,4,-967,-183,-19.
S01: 13061,9169,-6316,5,-14,1,-975,-175,-7.
S01: 13202,8974,-6228,-4,-9,2,-975,-191,15.
S01: 13066,9046,-6361,12,-9,7,-999,-223,3.
S01: 13164,9083,-6357,7,-18,2,-1007,-199,1.
S01: 13060,9152,-6258,2,-15,7,-999,-167,-35.
S01: 13036,9104,-6266,2,-16,3,-983,-151,-19.
S01: 13166,8996,-6176,7,-10,-1,-951,-119,13.
S01: 13165,9078,-6368,2,-13,1,-1007,-207,-9.
S01: 13033,9045,-6265,-1,-14,1,-1039,-175,-15.
S01: 13074,9096,-6268,4,-19,0,-999,-175,-19.
S01: 12939,9038,-6330,0,-11,3,-967,-199,-19.
S01: 13181,8998,-6322,6,-14,-1,-999,-191,7.
S01: 13203,9113,-6187,3,-12,5,-999,-183,5.
S01: 13071,9028,-6366,18,-12,-1,-991,-183,9.
S01: 13112,9140,-6331,1,-12,7,-975,-199,-17.
S01: 13242,9039,-6206,-4,-9,5,-1015,-199,-1.
S01: 13192,9194,-6374,0,-4,0,-1015,-151,5.
S01: 13124,9041,-6357,9,-9,2,-1007,-191,-19.
S01: 13042,9121,-6337,-2,-19,6,-1007,-167,-25.
S01: 13200,9176,-6324,7,-17,1,-999,-183,-7.
S01: 13077,9007,-6135,-4,-20,4,-983,-183,9.
S01: 13029,8978,-6216,11,-3,-2,-1047,-207,5.
S01: 13217,9037,-6314,4,-12,-4,-1015,-183,-3.
S01: 12953,8970,-6377,6,-1,9,-999,-175,-3.
S01: 13099,9120,-6437,-3,-15,3,-991,-199,-13.
S01: 13125,9035,-6331,11,-12,4,-975,-191,-9.
S01: 13145,9198,-6334,11,-7,-16,-999,-151,-9.
S01: 13112,9131,-6541,12,-8,6,-975,-207,-19.
S01: 13138,9116,-6501,4,-9,-5,-975,-159,-5.
S01: 13089,9117,-6393,0,-21,0,-1007,-159,-15.
S01: 13229,9087,-6310,2,-22,1,-1023,-191,-21.
S01: 13122,9131,-6227,5,-10,-1,-991,-199,-1.
S01: 13120,9043,-6517,4,-16,6,-1031,-183,1.
S01: 13005,9118,-6242,-2,-16,4,-1007,-199,5.
S01: 13141,9163,-6437,12,-19,-1,-999,-191,-9.
S01: 13081,8968,-6270,-2,-17,-2,-959,-215,-15.
S01: 13151,9130,-6438,9,-5,-6,-983,-199,3.
S01: 13031,9015,-6311,-7,-12,2,-1039,-207,11.
S01: 13006,9133,-6429,1,-18,6,-1023,-127,9.
S01: 13077,9120,-6219,-1,-19,5,-1055,-199,-3.
S01: 13065,9009,-6330,0,-7,7,-1031,-159,-13.
S01: 13082,9045,-6284,1,-11,-1,-967,-183,-19.
S01: 13124,9175,-6282,4,-6,5,-959,-199,-19.
S01: 13114,9007,-6297,3,-6,-4,-1023,-167,-11.
S01: 13194,9246,-6262,7,-16,5,-1031,-183,-19.
S01: 13112,9039,-6392,6,-20,3,-1015,-175,1.
S01: 13173,9130,-6006,3,2,1,-1007,-191,-19.
S01: 13035,9130,-6425,-5,-14,5,-1007,-175,7.
S01: 13033,9093,-6321,7,-9,3,-1015,-199,17.
S01: 13104,9092,-6286,0,-18,3,-1023,-191,-25.
S01: 13196,9067,-6235,7,-17,-3,-943,-191,5.
S01: 13256,9129,-6289,10,-13,-3,-1063,-207,3.
S01: 13070,8944,-6378,3,-9,1,-999,-175,-5.
S01: 13154,9077,-6374,2,-9,-4,-1047,-143,-1.
S01: 13202,9069,-6192,-2,-12,8,-999,-191,13.
S01: 13079,9110,-6215,11,-17,3,-999,-191,1.
S01: 13113,9068,-6248,5,-15,-2,-1031,-143,-13.
S01: 13096,8928,-6435,7,-14,4,-1023,-191,-13.
S01: 13221,9147,-6159,-2,-17,1,-975,-159,1.
S01: 13017,9153,-6443,11,-10,10,-1007,-183,3.
S01: 13017,9163,-6091,8,-11,-3,-999,-199,-5.
S01: 13007,9190,-6349,-2,-4,7,-967,-223,13.
S01: 12995,9085,-6182,0,-16,0,-1039,-199,-17.
S01: 13161,9021,-6241,4,-14,4,-975,-183,-17.
S01: 13216,9107,-6197,-3,-13,1,-999,-215,-5.
S01: 13110,8983,-6221,12,-13,3,-1007,-175,-15.
S01: 13135,9176,-6267,-1,-11,12,-951,-191,7.
S01: 13127,9087,-6445,15,-16,5,-991,-199,7.
S01: 13229,9145,-6214,-3,-28,1,-983,-199,-21.
S01: 13095,9098,-6203,2,-9,5,-983,-191,-7.
S01: 13160,9193,-6407,5,-16,-7,-999,-159,3.
S01: 13120,9101,-6348,6,-10,4,-991,-135,3.
S01: 13089,9141,-6241,2,-19,3,-1007,-175,19.
S01: 13065,9114,-6265,0,-17,9,-1007,-223,-23.
S01: 13082,9122,-6311,-2,-26,4,-1015,-191,-9.
S01: 12993,9109,-6224,4,-4,5,-1007,-159,1.
S01: 13214,9098,-6500,6,-11,5,-975,-183,-9.
S01: 13123,9082,-6181,4,-22,4,-991,-175,-7.
S01: 13298,9202,-6211,5,-21,2,-1023,-191,-17.
S01: 13110,9130,-6345,1,-13,8,-1007,-183,13.
S01: 13070,9012,-6219,-1,-4,-3,-1015,-183,11.
S01: 13024,9122,-6297,2,-12,0,-1023,-143,5.
S01: 13147,9087,-6369,5,-13,4,-1023,-175,1.
S01: 13062,9112,-6406,4,-23,4,-999,-183,-7.
S01: 13031,9082,-6312,5,-11,13,-1023,-183,-5.
S01: 13094,8942,-6194,-4,-10,-3,-983,-191,-11.
S01: 13127,9038,-6194,12,-16,4,-999,-223,5.
S01: 13098,9184,-6317,10,-19,-10,-991,-159,-7.
S01: 13251,9097,-6307,2,-11,11,-975,-215,-3.
S01: 13164,9063,-6365,8,-11,0,-1055,-191,-5.
S01: 13019,9018,-6369,8,-18,6,-999,-175,7.
S01: 13039,9097,-6251,-2,-14,1,-943,-191,-1.
S01: 13008,9108,-6291,-6,-23,-9,-1007,-191,-11.
S01: 12996,9154,-6408,13,-21,1,-999,-175,3.
S01: 12940,9130,-6459,5,-9,-1,-999,-159,1.
S01: 12975,8945,-6280,11,-11,-4,-999,-215,9.
S01: 13089,8993,-6289,-1,-18,4,-1047,-191,-27.
S01: 13039,9050,-6243,1,-3,-2,-1023,-199,-5.
S01: 13266,9101,-6198,6,-6,-4,-991,-191,-1.
S01: 13152,9110,-6352,1,-9,2,-1063,-207,-47.
S01: 13120,9024,-6370,3,-5,9,-975,-199,-9.
S01: 13203,9094,-6233,6,-17,0,-1007,-159,-13.
S01: 13158,9072,-6379,9,-13,0,-975,-207,-21.
S01: 13174,8982,-6366,10,-15,2,-999,-199,1.
S01: 13102,8943,-6277,14,-9,-3,-967,-175,17.
S01: 13154,9083,-6373,1,-13,3,-1023,-215,-23.
S01: 13102,9182,-6323,3,-15,-1,-959,-191,-15.
S01: 13040,9107,-6242,0,-10,-4,-1039,-207,-11.
S01: 13189,9053,-6377,12,-16,4,-999,-191,-19.
S01: 13297,9158,-6374,2,-10,6,-1007,-151,-23.
S01: 12968,9011,-6377,-4,-14,3,-1039,-207,-1.
S01: 12989,9034,-6181,5,-19,0,-991,-151,-11.
S01: 13160,9164,-6369,5,-10,4,-1007,-191,-31.
S01: 13211,9047,-6348,1,-9,-7,-943,-175,7.
S01: 13172,9020,-6316,8,-9,2,-991,-159,-15.
S01: 13071,9093,-6317,1,-11,-5,-1007,-183,-3.
S01: 13336,9184,-6396,11,-9,-5,-967,-183,15.
S01: 13039,9189,-6121,-5,-13,3,-1047,-199,15.
S01: 12987,9187,-6404,7,-22,-2,-991,-215,1.
S01: 13088,9136,-6354,2,-19,-2,-991,-199,19.
S01: 12977,9085,-6393,-1,-20,7,-991,-135,-13.
S01: 13079,9025,-6377,7,-5,6,-951,-191,-23.
S01: 13044,9139,-6260,-2,-5,-3,-999,-175,19.
S01: 13108,8974,-6400,3,-13,0,-999,-175,-11.
S01: 13099,9181,-6462,2,-11,-10,-967,-199,3.
S01: 13085,9007,-6270,5,-27,1,-1039,-207,-7.
S01: 13239,9148,-6212,11,-9,1,-935,-191,5.
S01: 13106,9071,-6252,5,-10,7,-1031,-175,-1.
S01: 13053,9204,-6154,-1,-19,0,-1023,-191,7.
S01: 13096,9167,-6262,3,-7,-8,-1023,-207,-9.
S01: 13029,8994,-6435,2,-17,6,-967,-135,1.
S01: 13070,9126,-6279,2,-12,-3,-1031,-191,5.
S01: 13142,9192,-6407,0,-19,2,-1007,-231,-27.
S01: 13176,9024,-6378,14,-6,-7,-975,-175,7.
S01: 13010,9107,-6267,4,-7,-6,-951,-199,-23.
S01: 13118,9123,-6382,1,-8,9,-999,-183,-17.
S01: 13143,9170,-6362,7,-16,-5,-967,-207,17.
S01: 13006,9190,-6253,3,-8,12,-991,-191,-23.
S01: 13015,9084,-6432,7,-15,-5,-1007,-183,11.
S01: 13184,9158,-6185,14,-14,5,-975,-167,-13.
S01: 13163,9029,-6380,1,-19,-2,-991,-167,-13.
S01: 13038,9115,-6323,6,-18,-5,-975,-159,-1.
S01: 13209,9082,-6388,-2,-12,6,-1007,-199,-17.
S01: 12843,9040,-6324,3,-18,-5,-991,-167,-29.
S01: 13093,9088,-6368,1,-18,-8,-983,-215,7.
S01: 13006,9161,-6171,2,-10,11,-1023,-175,-11.
S01: 13052,9230,-6294,8,-10,-10,-1007,-175,1.
S01: 12989,9054,-6401,1,-17,9,-991,-199,-1.
S01: 13204,9102,-6442,10,-12,-4,-1007,-199,-9.
S01: 13010,9187,-6257,5,-15,1,-967,-183,-29.
S01: 13059,9227,-6310,-1,-17,3,-1047,-175,-11.
S01: 13013,9107,-6316,5,-11,-12,-1031,-199,7.
S01: 13218,9110,-6421,13,-13,6,-975,-175,-5.
S01: 13063,9088,-6248,-6,-10,-2,-999,-183,-1.
S01: 13031,9148,-6217,9,-4,5,-999,-191,-3.
S01: 12994,9262,-6302,3,-15,0,-983,-143,-1.
S01: 13018,9080,-6247,9,-12,-2,-967,-167,-3.
S01: 13058,9129,-6255,-4,-14,1,-1023,-207,-7.
S01: 12981,9139,-6395,1,-17,5,-951,-183,-7.
S01: 13189,9012,-6337,-2,-16,-3,-1015,-191,-19.
S01: 13103,9072,-6420,5,-10,9,-991,-207,-9.
S01: 13005,9144,-6277,6,-15,-16,-999,-175,7.
S01: 13172,9177,-6262,9,-11,10,-1007,-159,-13.
S01: 13220,9108,-6362,-3,-13,-9,-1039,-207,19.
S01: 13071,9144,-6342,2,-10,2,-1007,-159,1.
S01: 13007,9121,-6388,-5,-10,-1,-1007,-199,-1.
S01: 13085,9188,-6389,7,-8,-11,-943,-151,9.
S01: 13004,9094,-6377,2,-11,13,-983,-199,-15.
S01: 13020,9078,-6226,5,-19,1,-999,-135,-13.
S01: 13077,9215,-6479,8,-15,6,-1007,-183,-7.
S01: 13063,8980,-6171,4,-16,-3,-991,-199,3.
S01: 13139,9085,-6305,4,-16,-8,-983,-175,5.
S01: 13009,9041,-6361,3,-19,11,-1015,-159,-3.
S01: 13157,8997,-6393,3,-14,-3,-983,-207,-7.
S01: 13039,9063,-6405,10,-9,1,-967,-175,-29.
S01: 13078,9177,-6310,-3,-10,12,-991,-199,-21.
S01: 13061,9123,-6343,6,-20,-6,-991,-167,-19.
S01: 12893,9050,-6227,0,-18,4,-999,-191,3.
S01: 13196,9058,-6318,4,-14,-2,-991,-167,-9.
S01: 12991,9184,-6398,6,-16,4,-975,-191,-1.
S01: 13004,9061,-6464,6,-17,2,-991,-143,-7.
S01: 12979,9061,-6377,4,-10,-4,-1015,-183,1.
S01: 13015,9116,-6390,-8,-10,-2,-999,-159,-1.
S01: 13036,8973,-6249,10,-5,1,-999,-143,-15.
S01: 13141,9021,-6350,6,-14,17,-1071,-175,1.
S01: 13095,9056,-6249,2,-14,3,-975,-191,-3.
S01: 13111,9041,-6286,4,-24,1,-999,-183,1.
S01: 13090,9044,-6294,7,-17,0,-991,-159,-17.
S01: 13139,9120,-6384,7,-14,-4,-959,-199,7.
S01: 13074,9116,-6334,2,-14,-3,-999,-215,1.
S01: 13195,9127,-6369,6,-14,1,-975,-191,-11.
S01: 13080,9223,-6233,0,-12,5,-975,-191,-3.
S01: 13169,9109,-6178,0,-25,2,-983,-167,-1.
S01: 13135,9101,-6364,-4,-18,0,-967,-175,-7.
S01: 13177,9099,-6345,5,-8,7,-1031,-199,-13.
S01: 13067,9001,-6185,8,-19,2,-983,-159,3.
S01: 13057,9112,-6366,4,-14,8,-1023,-183,-31.
S01: 12911,9107,-6428,7,-9,-4,-975,-191,-11.
S01: 13259,9083,-6235,-3,-14,1,-951,-159,7.
S01: 13158,9139,-6373,-2,-11,9,-959,-215,-35.
S01: 13196,9173,-6315,5,-19,-2,-959,-167,-7.
S01: 13046,9018,-6416,4,-22,-3,-999,-167,21.
S01: 13017,9113,-6321,6,-9,7,-1039,-183,5.
S01: 13081,9097,-6406,10,-16,5,-959,-207,3.
S01: 13032,8915,-6317,3,-15,-2,-975,-183,9.
S01: 13157,9069,-6190,5,-14,-2,-1023,-159,-23.
S01: 12953,9181,-6305,7,-18,5,-1023,-183,-5.
S01: 12988,9049,-6351,4,-17,11,-967,-159,19.
S01: 13020,9061,-6285,1,-19,-3,-999,-151,1.
S01: 12956,9114,-6296,8,-20,4,-983,-207,1.
S01: 12982,9092,-6329,5,-22,1,-959,-183,-11.
S01: 13028,9155,-6326,1,-14,3,-1023,-151,-3.
S01: 13078,9059,-6207,0,-14,-2,-999,-151,-3.
S01: 13174,9050,-6182,6,-14,-1,-1007,-167,-35.
S01: 13188,9120,-6348,5,-21,0,-983,-167,1.
S01: 13184,9139,-6317,3,-9,7,-983,-223,-17.
S01: 13074,9022,-6348,-8,-18,-1,-1007,-183,-5.
S01: 12983,9006,-6325,1,-14,3,-1023,-223,11.
S01: 12933,8997,-6313,2,-4,11,-991,-167,-21.
S01: 13039,9112,-6159,4,-11,6,-983,-191,-1.
S01: 13121,9060,-6229,3,-17,-8,-991,-143,-29.
S01: 13128,8993,-6248,4,-15,1,-1015,-199,3.
S01: 13074,8969,-6368,4,-17,6,-983,-207,-21.
S01: 13143,8994,-6511,-1,-13,-5,-991,-191,-3.
S01: 13100,9025,-6346,4,-11,2,-1023,-199,9.
S01: 13070,9058,-6096,10,-21,-3,-983,-175,-1.
S01: 13083,8930,-6510,10,-13,-1,-983,-159,5.
S01: 13082,9045,-6392,-3,-14,7,-1023,-207,7.
S01: 13086,9056,-6499,3,-16,-1,-999,-215,29.
S01: 13029,9058,-6334,-5,-3,-5,-991,-191,-15.
S01: 13082,9190,-6199,2,-7,0,-951,-183,-11.
S01: 12962,8950,-6503,1,14,18,-975,-167,7.
S01: 13286,9287,-5860,-12,35,-26,-983,-167,-5.
S01: 12968,8905,-6114,12,0,-5,-1007,-191,3.
S01: 13206,9030,-6426,12,-36,10,-1039,-175,-9.
S01: 13148,9054,-6312,1,-42,19,-999,-175,13.
S01: 12996,9148,-6462,9,-40,5,-983,-191,-1.
S01: 12979,9058,-6300,5,-9,-1,-1007,-207,-5.
S01: 13090,9073,-6157,1,13,-10,-1023,-223,5.
S01: 13217,9021,-6147,3,-9,1,-975,-183,3.
S01: 13058,9064,-6261,-7,-18,8,-967,-183,-11.
S01: 12960,9020,-6469,22,-23,7,-983,-215,-7.
S01: 13058,9163,-6265,-12,-6,-5,-1007,-183,7.
S01: 13023,9048,-6321,6,7,9,-1007,-207,-13.
S01: 12957,8986,-6433,0,-3,-13,-967,-191,-29.
S01: 13182,9035,-6370,11,-11,9,-1007,-183,-15.
S01: 12937,9165,-6336,-2,1,-2,-943,-191,11.
S01: 13139,9095,-6358,6,-8,7,-975,-167,7.
S01: 13141,8992,-6338,3,-24,0,-983,-199,-13.
S01: 12928,8993,-6595,0,-16,4,-1023,-199,-13.
S01: 13036,9075,-6093,-23,-12,3,-1031,-199,5.
S01: 13016,9097,-6346,32,-1,2,-967,-199,1.
S01: 13190,9129,-6703,-5,14,7,-1015,-191,27.
S01: 13234,9197,-6183,-12,-3,5,-983,-231,-27.
S01: 13207,9011,-6225,19,-42,-2,-1023,-191,-1.
S01: 13079,9129,-6405,2,-9,1,-999,-151,-31.
S01: 13098,9064,-6342,-2,-11,2,-991,-199,-17.
S01: 13061,9084,-6234,8,-11,0,-983,-183,-17.
S01: 13018,9043,-6413,12,-36,3,-1007,-175,-21.
S01: 13070,9162,-6131,-4,-6,-4,-1023,-183,-9.
S01: 13086,9135,-6425,-6,-22,8,-983,-135,9.
S01: 13089,9049,-6305,2,-23,4,-991,-175,-5.
S01: 12986,9065,-6492,7,-10,6,-991,-215,-11.
S01: 13035,9032,-6390,-6,-10,7,-983,-175,-7.
S01: 12957,9102,-6253,11,-21,-2,-1007,-191,15.
S01: 12884,9000,-6263,6,-14,9,-1023,-151,-19.
S01: 12958,9139,-6297,7,-16,-5,-991,-159,3.
S01: 13140,8986,-6349,10,-15,9,-967,-199,3.
S01: 13145,9062,-6292,7,-10,7,-1023,-167,3.
S01: 13063,9135,-6112,4,-10,5,-991,-143,-11.
S01: 13046,9064,-6094,-8,-4,2,-1007,-239,-5.
S01: 12936,9024,-6194,6,-11,-3,-959,-191,-3.
S01: 13130,8928,-6445,16,-33,6,-959,-159,-3.
S01: 12948,9072,-6521,1,-36,2,-1015,-167,-7.
S01: 13009,9054,-6214,1,-16,2,-1007,-167,9.
S01: 13072,9200,-6330,8,-16,9,-1015,-191,-19.
S01: 13028,9066,-6301,-6,-6,2,-991,-167,9.
S01: 13010,9058,-6393,6,17,0,-1007,-199,-3.
S01: 13005,9070,-6038,-5,-1,-14,-943,-151,5.
S01: 13200,9068,-6218,12,-3,-9,-991,-215,3.
S01: 13109,9129,-6255,4,-16,12,-1015,-183,9.
S01: 12945,9004,-6423,-8,-23,5,-1007,-183,-5.
S01: 13065,9082,-6057,0,-32,8,-1031,-191,1.
S01: 13022,8980,-6340,10,-11,4,-975,-159,7.
S01: 12964,9119,-6303,2,-3,-7,-999,-199,3.
S01: 13080,9041,-6365,-5,-5,-1,-959,-239,-3.
S01: 13046,9154,-6392,5,-10,0,-991,-175,-3.
S01: 13184,8981,-6354,8,-20,7,-983,-159,11.
S01: 12915,9011,-6385,-1,-26,5,-1015,-175,11.
S01: 12999,9046,-6463,5,-15,2,-999,-127,1.
S01: 13005,9188,-6275,3,-9,13,-1015,-151,-3.
S01: 13106,9053,-6268,1,-2,9,-1023,-175,-13.
S01: 13107,8975,-6251,-8,-11,-5,-1015,-183,-23.
S01: 13082,9046,-6111,10,-14,7,-991,-167,7.
S01: 13158,9115,-6255,4,-21,-2,-1023,-183,-15.
S01: 13108,9014,-6508,2,-23,7,-975,-175,-3.
S01: 13085,9130,-6375,1,-10,0,-975,-167,-31.
S01: 13113,9138,-6337,11,-22,8,-991,-191,-13.
S01: 13055,9018,-6337,2,-17,6,-975,-183,7.
S01: 12882,9190,-6198,7,-14,-1,-991,-183,-17.
S01: 13274,9073,-6206,4,-22,9,-975,-191,-17.
S01: 13130,9144,-6257,4,-8,8,-975,-191,-11.
S01: 13105,9037,-6457,-1,-8,6,-1039,-167,-3.
S01: 13009,9100,-6241,3,-15,10,-951,-167,-15.
S01: 13030,9056,-6182,10,-14,-6,-1015,-175,5.
S01: 13076,9093,-6322,7,-11,2,-959,-183,-3.
S01: 13094,9054,-6393,0,-22,-2,-967,-191,1.
S01: 13088,8985,-6311,10,-20,-2,-999,-159,-3.
S01: 13101,9252,-6334,12,-17,7,-1039,-167,5.
S01: 13025,8879,-6294,2,-12,6,-967,-231,-23.
S01: 13023,8937,-6381,-2,-15,-6,-1007,-151,3.
S01: 12993,9076,-6172,4,-12,6,-1031,-207,-27.
S01: 12994,8949,-6302,12,-17,3,-1015,-215,5.
S01: 12975,9037,-6239,13,-25,7,-1039,-207,5.
S01: 13044,9098,-6192,2,-15,6,-1031,-151,1.
S01: 13050,8976,-6199,2,-17,-2,-1015,-183,-3.
S01: 13040,9079,-6423,9,-20,7,-959,-143,-7.
S01: 13021,9183,-6280,9,-17,-10,-1031,-151,5.
S01: 13198,9003,-6340,6,-24,4,-1023,-175,-11.
S01: 13108,9111,-6234,2,-13,1,-967,-135,-13.
S01: 13013,9093,-6342,6,-17,-1,-991,-215,1.
S01: 13116,9143,-6346,-4,-6,7,-975,-183,7.
S01: 12958,9123,-6221,10,-18,5,-1015,-151,1.
S01: 13053,9099,-6413,1,-15,-2,-1039,-207,7.
S01: 13132,8999,-6307,5,-22,0,-1007,-191,3.
S01: 13021,9073,-6354,10,-27,-2,-1007,-183,-25.
S01: 13179,9000,-6257,2,-10,11,-991,-183,-27.
S01: 13074,9120,-6272,2,-11,7,-1039,-191,-3.
S01: 13168,9102,-6339,5,-11,12,-967,-151,-1.
S01: 13067,9229,-6311,1,-11,2,-1039,-127,-23.
S01: 13081,9050,-6298,7,-15,0,-1007,-167,-9.
S01: 13040,9056,-6270,6,-17,2,-951,-191,-29.
S01: 12987,9127,-6289,7,-15,-7,-991,-175,-7.
S01: 13037,9147,-6166,11,-22,6,-1015,-143,-7.
S01: 13139,9135,-6234,4,-26,-3,-991,-167,-13.
S01: 12984,9006,-6210,9,-7,0,-1015,-183,-5.
S01: 13140,9054,-6322,-8,-17,-1,-999,-199,-1.
S01: 13043,9094,-6368,10,-5,1,-967,-143,-23.
S01: 13104,9044,-6248,14,-16,1,-999,-239,11.
S01: 13042,9209,-6354,7,-18,6,-1007,-135,-9.
S01: 13039,9232,-6326,-6,-4,-3,-999,-183,-35.
S01: 13017,9088,-6321,4,-7,4,-991,-207,-3.
S01: 13040,9050,-6221,4,-10,1,-1007,-183,-3.
S01: 13178,8935,-6236,4,-9,2,-983,-191,-1.
S01: 13089,9155,-6298,4,-18,11,-983,-151,-21.
S01: 13093,9179,-6353,5,-12,6,-1007,-191,3.
S01: 13146,9086,-6407,9,-5,0,-1007,-143,-31.
S01: 13006,9060,-6581,-1,-13,-3,-1031,-207,5.
S01: 13113,9114,-6326,11,-4,-8,-983,-183,3.
S01: 13000,9127,-6167,6,-16,0,-1007,-143,-3.
S01: 12984,8874,-6223,0,-12,4,-975,-191,-15.
S01: 13058,9011,-6376,3,-15,4,-991,-199,-3.
S01: 12975,9141,-6362,-1,-13,-1,-1007,-191,-21.
S01: 13065,9118,-6345,2,-19,0,-999,-175,-13.
S01: 12996,9197,-6263,1,-14,8,-975,-223,-7.
S01: 13113,9042,-6341,-1,-14,8,-999,-167,-21.
S01: 13097,9158,-6304,-3,-11,1,-991,-199,-11.
S01: 13162,9072,-6413,0,-22,4,-1007,-207,-11.
S01: 13047,9068,-6240,-7,-10,4,-991,-159,25.
S01: 13159,9149,-6413,13,-5,-2,-1007,-207,-9.
S01: 13075,9029,-6365,0,-1,1,-1031,-199,-31.
S01: 13114,9012,-6497,9,-20,9,-983,-207,7.
S01: 13059,9043,-6427,2,-22,7,-1015,-199,-3.
S01: 13101,9047,-6265,1,-1,1,-1039,-183,-5.
S01: 13074,9067,-6291,0,-4,8,-967,-199,5.
S01: 13188,9017,-6431,7,-8,5,-999,-183,1.
S01: 13096,9087,-6373,2,-14,5,-975,-191,-27.
S01: 13139,9176,-6253,-2,-24,4,-1007,-167,-7.
S01: 13096,9120,-6210,1,-12,4,-1015,-167,-21.
S01: 12948,9168,-6282,5,-13,9,-991,-159,-9.
S01: 13115,9119,-6314,8,-4,-6,-959,-199,21.
S01: 13093,9139,-6475,2,-10,5,-951,-183,-5.
S01: 13065,9144,-6122,4,-10,1,-975,-175,-11.
S01: 13133,9165,-6249,7,-10,1,-1015,-159,-23.
S01: 13050,9084,-6228,6,-1,8,-1039,-151,-15.
S01: 13136,9123,-6380,7,-2,1,-1015,-183,1.
S01: 13040,9093,-6226,-2,-23,-2,-1023,-175,9.
S01: 13033,9052,-6437,2,-16,-1,-1039,-159,25.
S01: 13039,9128,-6290,5,-9,9,-999,-191,7.
S01: 13054,9143,-6349,11,-10,-3,-1007,-183,3.
S01: 13106,9018,-6149,7,-10,0,-1007,-183,-17.
S01: 13002,9066,-6325,5,-14,2,-943,-231,-27.
S01: 13083,9095,-6270,2,-12,2,-983,-199,7.
S01: 12981,9057,-6252,0,-7,2,-991,-159,13.
S01: 13067,8999,-6369,-2,-8,2,-991,-175,5.
S01: 13050,9107,-6364,-3,-6,1,-983,-191,1.
S01: 12900,9197,-6278,10,-7,4,-975,-199,11.
S01: 13185,9077,-6275,-4,-11,0,-983,-207,-7.
S01: 13179,9117,-6350,3,-10,10,-1047,-183,-7.
S01: 13099,9109,-6563,0,-9,1,-1023,-175,19.
S01: 13025,9072,-6236,7,-13,7,-983,-143,-7.
S01: 13093,8990,-6485,-3,-6,6,-1015,-151,1.
S01: 13098,9072,-6429,8,-7,4,-1039,-175,-21.
S01: 13081,9075,-6470,3,-11,-3,-1039,-183,-3.
S01: 13001,9173,-6192,4,-11,7,-1023,-159,-5.
S01: 12985,9045,-6344,6,-17,14,-999,-199,-25.
S01: 13039,9150,-6292,5,-8,4,-983,-127,-3.
S01: 13119,9176,-6280,2,-6,1,-967,-175,7.
S01: 13093,9160,-6248,7,-15,2,-951,-199,3.
S01: 13096,9025,-6521,7,-15,2,-1007,-167,-17.
S01: 13055,9094,-6183,5,-15,2,-983,-191,-13.
S01: 13131,9066,-6422,2,-8,-4,-999,-207,-19.
S01: 13139,9045,-6332,3,-10,6,-967,-191,9.
S01: 13090,9202,-6315,5,-13,8,-999,-191,-15.
S01: 12984,9037,-6217,-10,-9,7,-1023,-167,3.
S01: 12972,9138,-6234,-1,-11,1,-975,-175,-15.
S01: 13043,9087,-6392,7,-11,-4,-1007,-151,-9.
S01: 13152,9180,-6241,4,-7,2,-975,-183,-3.
S01: 13137,9071,-6263,1,-16,-1,-999,-199,-15.
S01: 13082,9027,-6215,0,-5,0,-983,-207,-3.
S01: 13055,9126,-6282,-5,-9,-1,-1047,-191,-37.
S01: 13115,9165,-6129,7,-7,7,-1007,-167,-1.
S01: 13119,8981,-6411,-2,-10,2,-1031,-183,-7.
S01: 13093,8949,-6434,9,-7,-2,-983,-135,1.
S01: 13109,9201,-6226,0,-16,3,-1039,-143,-17.
S01: 13003,9067,-6210,6,-9,6,-1047,-215,1.
S01: 13076,9126,-6634,4,-10,1,-999,-143,-23.
S01: 13044,9075,-6313,-1,-15,2,-991,-199,-17.
S01: 13180,9014,-6318,1,-11,6,-1023,-199,-11.
S01: 13033,9139,-6327,5,-15,5,-975,-167,3.
S01: 13096,9058,-6397,1,-12,2,-991,-175,7.
S01: 13216,9169,-6357,4,-13,5,-1007,-183,1.
S01: 13076,9135,-6265,2,-22,8,-1023,-175,-1.
S01: 13150,9171,-6496,7,-13,1,-1055,-199,29.
S01: 13126,9127,-6240,9,-12,-8,-975,-199,-19.
S01: 13102,9056,-6211,-1,-18,10,-959,-183,7.
S01: 13058,9082,-6440,-5,-17,0,-967,-167,-19.
S01: 13035,9076,-6265,2,-3,2,-975,-175,7.
S01: 13074,9085,-6252,-2,-12,2,-999,-183,3.
S01: 13107,9054,-6276,6,-13,5,-999,-175,-29.
S01: 13177,9109,-6215,3,-3,3,-967,-175,1.
S01: 13090,9129,-6128,10,-14,5,-967,-143,-13.
S01: 13281,9116,-6253,4,-10,8,-959,-183,3.
S01: 12992,8969,-6207,4,-15,5,-1015,-175,-17.
S01: 13118,9043,-6250,6,-5,-7,-1015,-143,-15.
S01: 13104,9119,-6342,11,-11,5,-967,-167,-5.
S01: 13109,9039,-6207,2,-23,4,-983,-183,29.
S01: 13047,9119,-6230,1,-13,9,-1063,-183,-19.
S01: 13096,8960,-6245,4,-7,1,-1015,-159,-11.
S01: 13143,9064,-6114,4,-19,-3,-967,-167,-3.
S01: 13036,9180,-6342,1,-16,-1,-983,-207,-17.
S01: 12989,9051,-6325,4,-13,4,-1007,-183,-25.
S01: 13195,9092,-6233,4,-15,4,-983,-183,-21.
S01: 13121,9219,-6199,7,-15,0,-991,-199,-7.
S01: 13196,8956,-6193,2,-16,7,-975,-159,-1.
S01: 13158,9039,-6258,3,-17,0,-1007,-175,-13.
S01: 13077,9037,-6373,5,-12,5,-975,-183,-13.
S01: 13073,9196,-6397,1,-6,5,-1007,-183,-11.
S01: 13095,9086,-6269,3,-8,7,-975,-199,-17.
S01: 13221,9143,-6246,1,-15,3,-999,-175,-11.
S01: 13154,9085,-6209,10,-13,5,-1023,-191,-7.
S01: 13022,9035,-6423,3,-10,-8,-1007,-207,5.
S01: 13154,9062,-6250,5,-14,0,-1007,-215,-7.
S01: 13018,9037,-6301,-4,-14,3,-1007,-167,-25.
S01: 13042,9087,-6245,3,-9,1,-967,-167,-11.
S01: 13101,9100,-6243,-1,-7,9,-1007,-199,11.
S01: 13122,9025,-6326,8,-16,-1,-1031,-143,-5.
S01: 13088,9082,-6400,9,-14,9,-1015,-183,-15.
S01: 13131,8971,-6377,0,-15,0,-1015,-199,1.
S01: 13157,9140,-6432,0,-4,17,-1047,-159,-7.
S01: 13159,9063,-6473,-2,-13,-2,-1007,-199,-21.
S01: 13183,9038,-6394,14,-16,1,-1015,-231,1.
S01: 13066,9116,-6111,-4,-13,-3,-967,-151,-9.
S01: 12976,9116,-6371,2,-7,8,-1015,-191,-1.
S01: 13143,9217,-6320,4,-13,-5,-983,-143,-31.
S01: 13144,9132,-6362,6,-12,11,-983,-175,3.
S01: 13198,9024,-6509,2,-9,-5,-999,-167,-11.
S01: 13059,8980,-6351,2,-9,13,-975,-167,1.
S01: 13015,9071,-6454,1,-9,3,-1023,-199,-13.
S01: 12936,8966,-6383,5,-9,3,-1023,-191,-21.
S01: 13113,9187,-6326,8,-12,2,-975,-143,-3.
S01: 13013,9172,-6266,1,-17,-3,-983,-191,-11.
S01: 13157,8967,-6441,3,-5,5,-1007,-167,5.
S01: 13138,9078,-6369,-1,-14,1,-991,-159,-13.
S01: 13021,9048,-6221,5,-7,6,-1007,-143,-17.
S01: 13074,9114,-6363,6,-24,-1,-1015,-175,11.
S01: 13146,9152,-6346,4,-12,7,-991,-199,1.
S01: 13057,9040,-6339,2,-15,-2,-999,-183,-29.
S01: 13042,9116,-6404,14,-12,1,-999,-231,-23.
S01: 12951,9029,-6238,-7,-15,7,-959,-159,3.
S01: 13132,9095,-6155,13,-12,2,-1031,-183,-21.
S01: 13157,9103,-6261,1,-14,4,-1007,-191,-9.
S01: 13068,8990,-6122,8,1,2,-1015,-199,9.
S01: 13005,9081,-6461,-4,-3,5,-1007,-151,3.
S01: 13093,8925,-6224,2,-16,11,-1007,-199,-5.
S01: 13084,8983,-6286,2,-15,-1,-983,-183,-9.
S01: 13137,9090,-6264,-2,-7,1,-1007,-199,11.
S01: 13082,9140,-6465,-2,-18,5,-1015,-175,13.
S01: 13086,9129,-6131,2,-15,-2,-991,-175,25.
S01: 13108,9111,-6424,0,-14,8,-959,-183,-1.
S01: 13112,9043,-6423,6,-9,-1,-1007,-199,-31.
S01: 13129,9144,-6378,9,-8,2,-951,-167,-7.
S01: 13092,9087,-6350,-1,-18,-1,-991,-207,-13.
S01: 12916,9053,-6372,10,-15,5,-983,-167,-3.
S01: 13040,9044,-6207,-1,-20,0,-983,-199,1.
S01: 13097,9200,-6566,7,-7,2,-1023,-143,-7.
S01: 13132,9092,-6267,1,-5,3,-1047,-183,-13.
S01: 13036,9049,-6248,-1,-11,3,-991,-135,-7.
S01: 13062,9043,-6344,5,-16,-4,-967,-215,-5.
S01: 13012,9063,-6417,8,-13,12,-999,-167,-7.
S01: 13092,9142,-6163,12,-10,1,-999,-167,-15.
S01: 13023,9084,-6401,2,-10,6,-1063,-215,-15.
S01: 13104,9139,-6360,2,-8,0,-991,-175,-23.
S01: 13076,9148,-6178,-1,-16,8,-943,-151,-3.
S01: 13124,8994,-6275,10,-18,6,-991,-207,5.
S01: 13017,9230,-6517,4,-21,1,-1023,-159,25.
S01: 13074,9141,-6338,3,-16,7,-1015,-191,11.
S01: 12915,8999,-6310,8,-11,-8,-1039,-119,-15.
S01: 13025,9171,-6319,9,-16,8,-991,-199,-3.
S01: 13082,9050,-6400,5,-18,3,-1015,-231,-11.
S01: 12896,9129,-6390,7,-5,-2,-959,-159,5.
S01: 12993,8988,-6271,6,-15,5,-1023,-175,-11.
S01: 13025,9148,-6291,4,-15,0,-983,-183,-5.
S01: 13142,9031,-6596,7,-15,9,-1015,-127,-9.
S01: 12904,9056,-6302,-2,-19,4,-959,-183,-9.
S01: 13066,9032,-6309,8,-14,5,-1039,-207,5.
S01: 13157,9191,-6395,-7,-10,0,-1007,-191,-9.
S01: 13035,8965,-6433,2,-18,-3,-983,-143,-23.
S01: 13121,9100,-6269,5,-11,13,-975,-183,-19.
S01: 13185,8987,-6271,-2,-11,2,-943,-143,-29.
S01: 13057,9187,-6144,6,-17,-4,-1031,-215,-15.
S01: 13021,9211,-6247,3,-18,-2,-1031,-127,-1.
S01: 13163,9145,-6421,6,-7,1,-991,-199,-17.
S01: 13150,9116,-6338,6,-20,-5,-1015,-183,9.
S01: 13103,8877,-6216,4,-12,3,-1063,-215,19.
S01: 13066,9069,-6282,4,-17,5,-1047,-191,-3.
S01: 13014,9074,-6311,2,-16,4,-1015,-223,-11.
S01: 13089,9209,-6222,-5,-16,-1,-991,-175,-3.
S01: 13012,8985,-6018,1,-18,2,-983,-175,5.
S01: 12973,9041,-6294,7,-22,4,-1007,-191,-1.
S01: 13111,9225,-6124,10,-27,7,-1023,-175,-9.
S01: 13075,9125,-6426,5,-21,1,-1023,-159,1.
S01: 13103,9061,-6113,7,-22,-5,-1007,-183,-21.
S01: 13160,9055,-6251,1,-14,15,-967,-151,31.
S01: 13040,9088,-6319,-2,-8,3,-991,-183,-5.
S01: 13074,9050,-6407,9,-16,-8,-975,-167,7.
S01: 13202,9045,-6343,0,-25,0,-967,-167,-1.
S01: 13143,9109,-6243,8,-15,6,-991,-183,-3.
S01: 13057,8980,-6318,6,-14,0,-967,-151,-23.
S01: 13003,9113,-6326,11,-10,1,-1055,-143,-29.
S01: 13116,9206,-6241,1,-11,1,-1023,-159,13.
S01: 13083,9099,-6213,6,-13,4,-967,-135,-7.
S01: 13131,9085,-6223,4,-11,0,-1015,-191,-9.
S01: 13148,9112,-6216,10,-13,10,-967,-191,-11.
S01: 13145,9055,-6469,4,-16,4,-1047,-183,-11.
S01: 13054,9101,-6208,8,-13,13,-1007,-183,-5.
S01: 12972,9065,-6262,5,-14,-4,-1031,-159,-1.
S01: 13129,9034,-6135,1,-12,7,-1007,-215,-5.
S01: 13362,9086,-6387,16,-13,6,-1023,-191,-13.
S01: 13048,9109,-6263,1,-18,6,-1015,-167,-7.
S01: 13080,9065,-6377,12,-10,11,-999,-183,-27.
S01: 13137,9106,-6302,5,-18,0,-1015,-191,13.
S01: 13059,9043,-6353,3,-10,3,-1055,-215,-15.
S01: 13134,9114,-6223,7,-12,-3,-999,-191,-19.
S01: 13183,9074,-6352,1,-10,10,-1015,-175,-9.
S01: 13029,9071,-6231,-6,-23,1,-959,-199,-15.
S01: 13114,9162,-6210,5,-12,5,-991,-191,-5.
S01: 13083,9038,-6419,4,-16,-2,-1039,-223,-1.
S01: 13135,9047,-6291,1,-8,5,-975,-215,-23.
S01: 13127,9181,-6484,1,-22,4,-991,-175,-25.
S01: 13079,9059,-6318,11,-8,7,-1015,-191,-9.
S01: 13088,9026,-6486,-4,-8,7,-1031,-207,-9.
S01: 13050,9036,-6239,8,-18,10,-1023,-183,-3.
S01: 13156,9091,-6282,2,-16,13,-1023,-191,7.
S01: 13074,9247,-6086,7,-5,7,-1015,-175,-11.
S01: 13190,8983,-6266,9,-4,-5,-1055,-191,13.
S01: 13145,8979,-6292,1,0,2,-983,-215,13.
S01: 13069,9179,-6267,7,-13,0,-1023,-183,-1.
S01: 13029,9131,-6371,5,-11,-1,-1007,-191,1.
S01: 13158,9103,-6373,-4,-5,4,-1015,-175,13.
S01: 12891,8994,-6226,-8,-17,0,-999,-151,9.
S01: 13066,9291,-6286,7,-15,8,-999,-183,11.
S01: 13113,9008,-6277,-1,-16,-3,-1015,-223,-1.
S01: 13128,9087,-6398,9,-10,12,-967,-183,13.
S01: 12967,9045,-6373,10,-22,-7,-975,-183,13.
S01: 13075,9034,-6353,5,-14,8,-975,-175,5.
S01: 13094,9130,-6322,2,-11,-2,-1015,-175,-7.
S01: 13142,9259,-6344,11,-7,0,-991,-191,3.
S01: 13186,9066,-6409,1,-23,-3,-967,-167,-13.
S01: 13081,9070,-6226,5,-15,2,-959,-215,19.
S01: 13131,9161,-6298,-1,-21,-5,-983,-207,-21.
S01: 13043,9164,-6375,6,-5,1,-1023,-231,1.
S01: 13142,8981,-6452,3,-18,1,-991,-167,3.
S01: 13154,9051,-6342,1,-16,3,-983,-199,-11.
S01: 13160,9100,-6311,1,-7,10,-951,-191,-11.
S01: 13089,9095,-6338,10,-10,4,-1007,-159,3.
S01: 13209,9137,-6271,-6,-10,0,-983,-159,-5.
S01: 13103,8915,-6442,1,-10,-2,-959,-215,7.
S01: 13149,9063,-6113,1,-13,-4,-999,-191,-9.
S01: 13168,9085,-6401,3,-11,-1,-1015,-175,-21.
S01: 13319,9170,-6230,7,-12,0,-975,-151,-21.
S01: 13002,9141,-6359,4,-27,4,-959,-143,3.
S01: 12983,9140,-6322,9,-11,-3,-975,-159,-9.
S01: 13009,9026,-6354,3,-8,4,-983,-207,5.
S01: 13047,9094,-6395,4,-19,-1,-967,-175,37.
S01: 13182,8890,-6197,6,-22,-14,-999,-143,-13.
S01: 13124,9085,-6347,5,-16,3,-991,-199,-15.
S01: 13010,9088,-6400,9,-22,7,-1015,-167,1.
S01: 13097,9109,-6178,-3,-14,6,-991,-175,-5.
S01: 13180,9015,-6197,2,-8,7,-1023,-175,-1.
S01: 13100,9059,-6250,0,-12,0,-999,-183,-13.
S01: 13086,9129,-6293,3,-10,5,-951,-207,-3.
S01: 13034,9135,-6361,2,-15,1,-1007,-207,-21.
S01: 13064,9237,-6311,-1,-22,7,-999,-167,-19.
S01: 13007,8974,-6241,8,-12,-1,-983,-207,-9.
S01: 13127,9083,-6269,4,-16,14,-1031,-207,-5.
S01: 13096,8992,-6414,10,-14,11,-999,-183,-9.
S01: 13096,9173,-6360,8,-12,2,-1007,-175,-5.
S01: 13079,9040,-6311,1,-12,-5,-975,-175,-11.
S01: 13136,9082,-6322,0,-13,-2,-1015,-199,-17.
S01: 13049,9106,-6361,1,-15,-4,-999,-191,5.
S01: 13055,9115,-6292,0,-6,0,-999,-183,-1.
S01: 13067,9031,-6286,12,-13,1,-991,-151,-17.
S01: 13130,9129,-6321,3,-20,2,-1023,-191,27.
S01: 13212,9110,-6203,9,-13,8,-1071,-151,-19.
S01: 12971,8945,-6285,1,-13,8,-1015,-167,-13.
S01: 13258,9009,-6133,13,-12,6,-1015,-175,-1.
S01: 13176,9116,-6367,-2,-21,7,-999,-191,5.
S01: 13013,9088,-6264,13,-13,6,-967,-215,-3.
S01: 13106,9024,-6357,6,-12,-10,-1007,-143,-13.
S01: 12985,9090,-6314,5,-14,2,-1039,-159,-13.
S01: 13127,9034,-6238,4,-24,-1,-991,-175,-9.
S01: 13111,9100,-6255,1,-11,-2,-1023,-191,-15.
S01: 13000,9010,-6191,11,-8,5,-967,-199,-1.
S01: 13066,9142,-6415,6,-13,0,-967,-135,9.
S01: 13099,8971,-6365,0,-10,6,-999,-175,-15.
S01: 13058,9029,-6419,10,-14,-5,-1031,-191,1.
S01: 13086,9106,-6147,4,-12,11,-1023,-159,-25.
S01: 13058,9158,-6231,3,-19,3,-991,-199,-15.
S01: 13059,9036,-6230,5,-19,8,-1007,-167,-9.
S01: 13163,9011,-6384,-6,-13,-2,-1039,-183,-9.
S01: 13077,9120,-6244,-2,-16,12,-999,-199,-13.
S01: 13170,9141,-6336,-1,-14,6,-1047,-199,-9.
S01: 13151,9073,-6240,4,-15,4,-1055,-183,-11.
S01: 13051,9103,-6444,0,-7,0,-1055,-183,3.
S01: 13139,9185,-6135,2,-20,9,-1031,-167,1.
S01: 13036,9157,-6388,7,-11,2,-1007,-159,19.
S01: 13091,9043,-6394,5,-13,-5,-991,-199,9.
S01: 13115,9068,-6401,5,-8,11,-959,-183,19.
S01: 13038,9109,-6208,-2,-16,1,-967,-191,-11.
S01: 13269,9072,-6214,4,-22,-3,-967,-215,-11.
S01: 13081,9057,-6534,0,-16,6,-1015,-175,19.
S01: 13181,9072,-6181,12,-8,-1,-1023,-167,5.
S01: 13069,9227,-6340,-2,-16,1,-967,-223,-25.
S01: 13025,8950,-6350,4,-9,1,-1047,-191,-9.
S01: 13172,9202,-6308,5,-18,-4,-1015,-191,-13.
S01: 13080,9050,-6258,-3,-17,10,-1007,-199,-7.
S01: 13123,9001,-6380,6,-10,-14,-1039,-191,-3.
S01: 13082,9131,-6219,0,-16,11,-951,-175,-5.
S01: 13103,9070,-6214,3,-19,-18,-999,-199,21.
S01: 13127,9005,-6094,7,-22,4,-1015,-159,-7.
S01: 13083,9219,-6423,-6,-24,1,-975,-199,-13.
S01: 13049,9096,-6084,8,-14,3,-975,-191,-11.
S01: 13062,9163,-6419,2,-6,-2,-983,-167,-23.
S01: 12990,8978,-6311,5,-15,1,-959,-191,-9.
S01: 13169,9085,-6467,3,-10,1,-983,-175,-15.
S01: 13086,9153,-6299,6,-11,-1,-1015,-167,-27.
S01: 13197,9127,-6286,9,-7,4,-1007,-167,-1.
S01: 12983,8981,-6194,4,-26,5,-1015,-191,-5.
S01: 13183,9050,-6274,10,-16,0,-1007,-199,-5.
S01: 12984,9084,-6303,-5,-10,1,-1031,-191,-15.
S01: 13020,9197,-6356,2,-15,7,-991,-183,-13.
S01: 12929,8985,-6159,4,-13,-2,-991,-159,-9.
S01: 13000,9084,-6398,15,-16,8,-983,-191,-13.
S01: 13048,8987,-6213,3,-16,-16,-991,-159,1.
S01: 12991,9196,-6385,4,-13,10,-1023,-143,-9.
S01: 13122,9073,-6308,-3,-14,-1,-983,-191,1.
S01: 13076,8999,-6272,14,-11,10,-951,-231,7.
S01: 13021,9114,-6148,-6,-13,-6,-1031,-159,-15.
S01: 12972,9069,-6269,6,-16,6,-1015,-215,-5.
S01: 13011,9058,-6334,-4,-15,0,-1023,-199,-5.
S01: 13071,8987,-6347,14,-8,2,-983,-159,7.
S01: 13230,9176,-6348,-12,-15,2,-1023,-167,-13.
S01: 13034,9164,-6118,22,-7,5,-1039,-199,-7.
S01: 13180,9110,-6361,-8,-17,3,-1007,-199,9.
S01: 13047,8938,-6313,7,-9,1,-1015,-143,3.
S01: 13127,9092,-6181,1,-22,3,-967,-191,-15.
S01: 13076,9159,-6354,5,-14,4,-991,-199,-5.
S01: 13135,8968,-6464,0,-8,-8,-1015,-215,-7.
S01: 13036,9118,-6149,0,-15,5,-1015,-183,-19.
S01: 13105,9064,-6303,1,-12,-5,-1007,-199,3.
S01: 13074,9019,-6350,2,-11,-3,-1031,-175,-3.
S01: 13046,9108,-6290,9,-10,7,-991,-191,-5.
S01: 13082,9046,-6371,2,-11,-1,-1023,-215,-11.
S01: 13074,9092,-6354,4,-14,3,-1031,-175,-17.
S01: 12922,9113,-6400,-2,-15,7,-1007,-199,-7.
S01: 13071,9051,-6392,1,-8,3,-999,-183,-7.
S01: 13133,9119,-6389,-1,-18,-4,-1007,-151,5.
S01: 13189,9095,-6210,10,-23,1,-999,-167,-9.
S01: 13108,8947,-6311,-6,-10,-4,-983,-175,17.
S01: 13059,9130,-6357,8,-10,2,-1007,-199,-17.
S01: 12941,9168,-6243,0,-15,-2,-983,-159,-25.
S01: 13220,9226,-6498,5,-18,5,-927,-215,1.
S01: 13071,9190,-6228,6,-13,3,-991,-199,-3.
S01: 13053,9071,-6351,10,-9,2,-1015,-167,15.
S01: 13188,9037,-6433,-3,-11,0,-967,-167,-19.
S01: 13157,9129,-6323,5,-8,7,-991,-191,-1.
S01: 13070,9107,-6345,3,-10,-3,-1015,-183,-7.
S01: 13007,8931,-6432,6,-11,1,-967,-159,5.
S01: 13057,9198,-6303,5,-17,-3,-975,-175,-13.
S01: 13061,9095,-6370,9,-10,8,-1023,-199,-7.
S01: 13165,9191,-6318,5,-13,-1,-983,-207,-15.
S01: 13147,9113,-6406,5,-16,2,-999,-199,-15.
S01: 13123,9052,-6258,2,-18,1,-1007,-175,-3.
S01: 13139,9080,-6213,6,-23,0,-1039,-207,5.
S01: 13180,9138,-6346,5,-16,0,-983,-175,9.
S01: 13179,9167,-6302,10,-6,8,-983,-175,-5.
S01: 13031,9028,-6400,2,-12,4,-1023,-175,9.
S01: 12970,9059,-6190,5,-20,1,-999,-183,-21.
S01: 13089,9039,-6071,6,-17,4,-983,-143,-13.
S01: 12921,9109,-6369,2,-27,3,-991,-151,9.
S01: 13092,9064,-6320,15,-14,-2,-1007,-199,-9.
S01: 13135,8995,-6369,-1,-12,-3,-1023,-127,7.
S01: 13097,9069,-6375,3,-5,3,-1047,-191,-9.
S01: 13031,9102,-6416,0,-24,3,-999,-175,-21.
S01: 12942,9062,-6283,12,-12,3,-1007,-183,-19.
S01: 13089,8954,-6241,4,-18,-1,-991,-127,-13.
S01: 13150,9067,-6168,10,-27,2,-1007,-183,-19.
S01: 13028,9062,-6323,2,-9,-6,-991,-175,-5.
S01: 13209,9145,-6173,13,-19,0,-983,-167,17.
S01: 12978,9005,-6465,12,-30,-1,-1007,-167,-17.
S01: 13141,9040,-6282,3,-25,2,-1055,-191,-1.
S01: 13016,9057,-6374,-5,-21,10,-1007,-207,-3.
S01: 13040,9104,-6048,8,-8,-4,-1023,-215,1.
S01: 12997,9132,-6422,-10,-2,-2,-1039,-199,5.
S01: 13092,9001,-6298,5,-8,2,-983,-191,-9.
S01: 13031,9138,-6250,4,-18,1,-951,-159,1.
S01: 13103,9154,-6275,3,-11,7,-1015,-183,5.
S01: 13132,9001,-6507,5,-4,7,-983,-191,-11.
S01: 13141,8997,-6366,12,-11,-1,-991,-183,13.
S01: 13106,9193,-6354,10,-11,-3,-967,-183,-33.
S01: 13012,9147,-6391,1,-10,-4,-999,-175,-7.
S01: 13102,9048,-6291,10,-16,7,-1007,-183,-13.
S01: 13203,9156,-6202,-2,-19,2,-1007,-207,1.
S01: 13192,8941,-6330,5,-8,15,-983,-167,-3.
S01: 13247,9156,-6245,3,-8,-5,-999,-127,-7.
S01: 13116,9134,-6322,2,-16,6,-1023,-151,-7.
S01: 13161,9104,-6468,3,-8,-5,-999,-183,15.
S01: 13021,9177,-6248,8,-15,4,-975,-159,1.
S01: 13207,9192,-6282,-3,-15,9,-999,-199,-3.
S01: 13172,9141,-6268,11,-9,3,-1007,-159,-23.
S01: 13146,9170,-6272,-8,-5,-2,-983,-215,-3.
S01: 12949,8997,-6380,2,-9,-3,-999,-215,-1.
S01: 13040,9196,-6282,8,-10,-1,-983,-191,3.
S01: 12946,9072,-6404,5,-17,2,-1007,-159,-7.
S01: 13071,9015,-6245,8,-13,-2,-1039,-159,-5.
S01: 13038,9107,-6198,7,-13,5,-1039,-175,-3.
S01: 13170,9010,-6374,-1,-13,1,-999,-135,-17.
S01: 13184,8995,-6437,-2,-18,5,-1047,-183,-7.
S01: 13062,9005,-6186,9,-10,3,-1007,-167,5.
S01: 13106,8996,-6374,5,-7,-2,-1015,-167,7.
S01: 13180,9036,-6317,9,-11,-1,-983,-175,-11.
S01: 13132,9169,-6271,2,-14,0,-967,-215,-1.
S01: 13088,9113,-6344,3,-16,10,-1007,-167,15.
S01: 13016,9125,-6299,8,-21,-6,-999,-167,-9.
S01: 13195,9129,-6295,5,-10,2,-999,-151,-27.
S01: 12991,9128,-6323,-3,-19,7,-1007,-151,3.
S01: 13075,8927,-6355,10,-7,0,-967,-199,-17.
S01: 13197,9086,-6358,-5,-9,6,-1007,-175,-3.
S01: 13123,9029,-6246,0,-7,1,-1023,-151,3.
S01: 12987,9129,-6219,-1,-16,-1,-951,-183,-17.
S01: 13005,8938,-6197,8,-26,2,-991,-183,-7.
S01: 13002,9121,-6374,6,-19,2,-975,-207,-3.
S01: 13114,9123,-6357,4,0,9,-1023,-159,-25.
S01: 13129,9141,-6244,2,-21,2,-991,-191,7.
S01: 13142,9088,-6266,0,-17,7,-967,-199,17.
S01: 13159,9034,-6291,2,-12,3,-1007,-167,-3.
S01: 13080,9130,-6142,1,-15,5,-991,-167,-23.
S01: 13049,9043,-6265,7,-5,8,-1031,-175,-7.
S01: 13013,8993,-6282,1,-8,8,-1023,-175,-3.
S01: 13192,9198,-6369,10,-12,8,-1087,-207,15.
S01: 13043,9065,-6309,2,-24,0,-983,-183,1.
S01: 13142,8985,-6198,4,-17,5,-1007,-151,13.
S01: 13017,9003,-6204,3,-7,1,-975,-207,-21.
S01: 13123,8927,-6295,-1,-11,4,-1015,-207,5.
S01: 12976,9142,-6326,7,-18,3,-975,-183,-7.
S01: 13053,9083,-6166,3,-30,-3,-1015,-167,1.
S01: 13134,9026,-6484,3,-15,0,-967,-167,-3.
S01: 13182,9057,-6288,11,-9,5,-975,-143,-13.
S01: 13084,9094,-6398,-6,-21,4,-1031,-167,9.
S01: 13181,9184,-6479,4,-17,6,-959,-207,-9.
S01: 13170,9097,-6302,-2,-14,2,-983,-151,-31.
S01: 13099,9082,-6391,7,-10,0,-967,-199,-3.
S01: 13166,9105,-6293,10,-15,4,-1031,-167,-5.
S01: 13062,9111,-6270,12,-18,5,-991,-167,5.
S01: 13128,9044,-6386,11,-9,3,-991,-183,-1.
S01: 13104,9129,-6242,7,-18,3,-1023,-175,13.
S01: 13177,8986,-6381,5,-18,2,-975,-159,5.
S01: 13053,9088,-6047,2,-18,0,-1015,-159,5.
S01: 13113,9073,-6333,10,-9,1,-1023,-167,-21.
S01: 13078,9092,-6523,15,-19,2,-991,-159,9.
S01: 13024,9114,-6289,-1,-13,6,-999,-159,-17.
S01: 13082,9221,-6328,2,-11,2,-983,-159,-23.
S01: 13043,8926,-6270,4,-11,-1,-1023,-159,-7.
S01: 13011,8950,-6408,0,-15,13,-991,-175,-11.
S01: 13074,9121,-6403,5,-19,6,-1031,-183,-5.
S01: 13075,9043,-6284,-3,-21,-1,-991,-159,1.
S01: 13131,9069,-6269,8,-3,-3,-999,-151,-11.
S01: 13152,9144,-6245,7,-4,6,-983,-175,-21.
S01: 13066,9041,-6302,-1,-17,-3,-975,-167,-11.
S01: 13058,9109,-6371,4,-7,-5,-1007,-207,-23.
S01: 13092,9026,-6298,-2,-9,7,-983,-151,-3.
S01: 13039,9056,-6172,7,-10,-2,-951,-191,-13.
S01: 13108,9002,-6198,7,-17,6,-1015,-215,-7.
S01: 13076,9075,-6279,4,1,-4,-999,-183,5.
S01: 13100,9030,-6294,1,-13,2,-1023,-191,11.
S01: 13051,9091,-6171,9,-16,4,-975,-127,1.
S01: 12900,9051,-6271,0,-17,-3,-1007,-167,-25.
S01: 13093,9103,-6271,9,-4,7,-983,-159,7.
S01: 12989,9006,-6210,0,-18,-4,-1031,-191,-7.
S01: 12950,9101,-6333,6,-21,6,-1031,-183,15.
S01: 13018,9115,-6274,-3,-17,2,-975,-191,-13.
S01: 13064,9118,-6291,10,-3,0,-999,-199,1.
S01: 13071,9041,-6338,5,-15,4,-983,-191,9.
S01: 13029,9116,-6420,11,-12,8,-983,-159,-17.
S01: 13152,9046,-6488,-11,-10,1,-1015,-167,1.
S01: 13055,9116,-6055,3,-9,3,-991,-199,1.
S01: 13218,9052,-6217,-1,-19,-4,-991,-191,-1.
S01: 13011,9012,-6316,-1,-15,5,-1023,-199,-3.
S01: 13076,8971,-6422,7,-14,6,-991,-199,3.
S01: 13046,9042,-6122,3,-12,3,-1007,-191,11.
S01: 13234,9011,-6326,5,-13,3,-967,-167,3.
S01: 13028,9103,-6233,6,-13,-4,-983,-167,27.
S01: 13179,9178,-6458,3,-18,11,-1015,-215,-9.
S01: 13010,8947,-6342,9,-13,5,-1031,-191,-11.
S01: 13074,9025,-6317,9,-17,9,-967,-191,-39.
S01: 13045,9123,-6297,5,-15,-4,-951,-175,5.
S01: 13125,9128,-6382,6,-11,7,-1047,-191,-25.
S01: 12998,9070,-6415,-2,-17,7,-1031,-199,7.
S01: 12928,9131,-6265,3,-10,9,-1007,-183,1.
S01: 13155,9095,-6411,4,-10,-8,-991,-183,-5.
S01: 13045,9117,-6308,4,-19,3,-983,-199,-5.
S01: 13267,9024,-6378,3,-16,-8,-1007,-207,-9.
S01: 13201,8842,-6299,0,-9,4,-983,-215,7.
S01: 13187,9182,-6266,5,-8,3,-959,-199,5.
S01: 13037,9054,-6409,8,-15,-1,-999,-135,3.
S01: 13145,9113,-6476,4,-10,9,-991,-175,3.
S01: 13095,8908,-6489,0,-16,-3,-1023,-215,-15.
S01: 13142,9094,-6245,8,-18,7,-935,-183,-13.
S01: 13081,9073,-6409,1,-9,-2,-959,-159,-19.
S01: 13166,9066,-6356,9,-13,3,-991,-167,5.
S01: 13131,9027,-6438,-6,-11,3,-1015,-143,-1.
S01: 13190,9154,-6275,11,-13,1,-1031,-191,-15.
S01: 13122,8950,-6270,-4,-13,0,-1007,-167,-27.
S01: 13037,9079,-6382,8,-10,4,-1007,-183,-3.
S01: 12892,9091,-6342,3,-13,2,-999,-167,-13.
S01: 13072,9107,-6225,4,-7,6,-1047,-175,-1.
S01: 13036,9163,-6374,2,-7,1,-1007,-151,-1.
S01: 12943,9038,-6174,2,-14,5,-1015,-175,-13.
S01: 12956,9149,-6298,-3,-22,-2,-975,-199,7.
S01: 13055,9071,-6361,7,-12,-8,-1015,-151,-15.
S01: 13207,9135,-6321,-5,-10,1,-999,-215,-25.
S01: 12946,9006,-6472,0,-12,4,-1023,-183,3.
S01: 13093,9015,-6388,-5,-9,6,-935,-175,9.
S01: 13058,9044,-6270,-3,-7,3,-1007,-231,-1.
S01: 13230,9002,-6431,3,-16,8,-1015,-183,1.
S01: 12940,9060,-6094,1,-11,5,-1023,-199,-15.
S01: 12965,9208,-6277,1,-14,5,-1055,-175,-15.
S01: 12975,9180,-6133,0,-9,2,-1015,-215,-15.
S01: 13080,8998,-6331,-1,-11,14,-1007,-175,-1.
S01: 13014,9045,-6445,8,-18,-1,-959,-199,9.
S01: 13036,9014,-6465,2,-8,7,-991,-167,-3.
S01: 13151,9067,-6057,2,-7,-2,-999,-183,11.
S01: 13115,9095,-6392,3,-8,-2,-991,-159,9.
S01: 13142,9122,-6324,1,-15,-2,-1031,-207,-17.
S01: 13042,9084,-6280,2,-9,4,-1023,-167,-1.
S01: 13028,9101,-6350,-1,-18,3,-1015,-175,-17.
S01: 13057,9148,-6275,5,-11,6,-991,-167,-1.
S01: 13141,9025,-6206,3,-18,-8,-1031,-183,-5.
S01: 13118,8949,-6240,9,-14,0,-983,-167,-31.
S01: 13241,9146,-6436,5,-18,12,-1015,-191,1.
S01: 12985,9024,-6190,4,-11,7,-1023,-191,3.
S01: 13028,9172,-6305,6,-12,2,-959,-183,-7.
S01: 13079,9051,-6299,10,-15,2,-951,-167,-11.
S01: 13183,9113,-6290,-1,-16,-2,-999,-143,-1.
S01: 13179,9118,-6238,4,-18,-5,-1007,-183,5.
S01: 13082,9069,-6299,3,-9,-5,-991,-199,7.
S01: 13079,9063,-6209,2,-11,7,-1007,-215,-9.
S01: 13100,9032,-6293,7,-11,6,-1031,-175,-21.
S01: 12949,9101,-6341,1,-16,3,-975,-223,-15.
S01: 13141,9097,-6322,10,-24,5,-943,-199,-5.
S01: 12969,9072,-6222,-3,-3,5,-1007,-207,-13.
S01: 13067,9052,-6194,8,-10,4,-959,-151,-3.
S01: 13010,9080,-6437,-5,-10,12,-1015,-183,-7.
S01: 12919,9050,-6408,6,-12,2,-975,-175,-5.
S01: 13042,9133,-6323,-4,-14,0,-975,-191,-23.
S01: 13056,9032,-6314,-2,-12,8,-1015,-183,-7.
S01: 13100,9072,-6294,1,-10,8,-991,-207,-1.
S01: 13136,9014,-6312,3,-7,9,-967,-191,1.
S01: 13028,9083,-6337,-5,-14,6,-943,-183,3.
S01: 13073,9098,-6432,-6,-17,3,-983,-159,-7.
S01: 13095,8948,-6346,-1,-21,6,-975,-191,11.
S01: 13087,9081,-6288,6,-6,-3,-1007,-199,-27.
