123.
S01: 4114,5048,-15846,-1,-4,-3,-1135,1153,109.
S01: 4118,5105,-15732,0,-17,1,-1151,1145,99.
S01: 4140,5053,-15788,-3,-27,1,-1143,1153,113.
S01: 4087,5012,-15646,4,-17,6,-1103,1153,107.
S01: 4215,4946,-15870,2,-17,2,-1095,1177,115.
S01: 4289,5129,-15690,-17,-7,-4,-1143,1161,85.
S01: 3995,5055,-15673,-1,-17,2,-1183,1193,127.
S01: 4199,5086,-15685,0,-9,-1,-1127,1193,115.
S01: 4190,5111,-15884,1,-16,-4,-1119,1137,115.
S01: 4013,5035,-15840,-2,-5,-1,-1119,1201,107.
S01: 4167,5233,-15666,-13,-8,0,-1175,1225,107.
S01: 4211,5140,-15904,3,-19,-2,-1167,1145,117.
S01: 4239,4942,S01: 4073,4969,-15949,1,-7,4,-1103,1161,121.
S01: 4052,5074,-15815,-3,-7,5,-1071,1153,121.
S01: 4218,5087,-15746,-2,-13,-4,-1095,1209,113.
S01: 4064,4941,-15677,1,-11,3,-1143,1129,109.
S01: 4043,4963,-15825,0,-9,2,-1119,1169,103.
S01: 4083,5083,-15768,3,-3,-1,-1159,1161,109.
S01: 4288,5076,-15986,1,-13,10,-1119,1153,107.
S01: 3965,5092,-15733,6,-9,11,-1119,1185,123.
S01: 4147,4984,-15627,3,-9,-1,-1151,1121,123.
S01: 4106,5047,-15784,0,-9,8,-1103,1145,115.
S01: 4154,5050,-15699,4,-14,5,-1111,1169,129.
S01: 4126,5067,-15905,3,-6,3,-1103,1185,129.
S01: 4323,5065,-15781,-6,-9,5,-1095,1137,111.
S01: 4100,5096,-15729,7,-7,8,-1119,1177,113.
S01: 4172,4980,-15896,-2,-13,10,-1143,1145,117.
S01: 4070,5068,-15789,-9,-6,-1,-1151,1121,101.
S01: 4069,4945,-15848,-4,3,11,-1119,1169,107.
S01: 3977,4948,-15857,-1,1,9,-1135,1161,117.
S01: 4102,4931,-15856,-1,-1,8,-1103,1145,103.
S01: 4228,5109,-15766,-2,-7,9,-1167,1153,143.
S01: 4138,5059,-15788,-1,-6,2,-1079,1169,119.
S01: 3943,5089,-15708,9,-7,4,-1103,1201,103.
S01: 4085,4983,-15814,-3,-13,-2,-1103,1177,115.
S01: 4152,4947,-15816,6,-9,4,-1127,1137,109.
S01: 4030,5059,-15732,-10,-6,8,-1143,1129,113.
S01: 4075,4944,-15851,-4,-11,-3,-1127,1169,109.
S01: 4061,4900,-15804,-4,-21,6,-1103,1161,117.
S01: 3939,5051,-15833,-6,-8,4,-1111,1137,107.
S01: 4109,4955,-15792,-4,-8,10,-1167,1113,117.
S01: 3917,5004,-15912,4,-5,16,-1135,1137,125.
S01: 4105,4994,-15772,-6,-2,16,-1103,1169,121.
S01: 4042,5115,-15905,-1,1,11,-1103,1185,103.
S01: 3995,5187,-15704,-1,-5,6,-1119,1153,105.
S01: 3923,5126,-15823,1,-2,9,-1127,1161,97.
S01: 4001,5058,-15765,0,-2,17,-1167,1137,115.
S01: 4170,4943,-15952,1,-5,8,-1103,1209,109.
S01: 4107,4994,-15852,3,-6,2,-1071,1177,97.
S01: 3924,5066,-15796,-8,-10,10,-1151,1153,101.
S01: 4200,5027,-15641,0,-12,7,-1119,1161,107.
S01: 4114,4976,-15844,8,-12,10,-1087,1161,123.
S01: 4193,5004,-15747,-2,-6,10,-1119,1121,117.
S01: 4105,5039,-15776,-1,-16,7,-1111,1161,119.
S01: 4155,4938,-15834,-9,-4,12,-1143,1169,113.
S01: 4017,5071,-15736,3,-6,6,-1151,1153,115.
S01: 4169,5007,-15820,-1,-4,15,-1103,1153,129.
S01: 4219,4979,-15771,3,5,12,-1111,1145,127.
S01: 4185,4934,-15777,3,-5,10,-1095,1129,115.
S01: 4052,5032,-15809,0,-2,13,-1135,1121,129.
S01: 4131,5044,-15637,1,-4,8,-1135,1137,121.
S01: 4079,5039,-15768,9,-13,12,-1095,1177,103.
S01: 4158,4946,-15733,2,-3,8,-1135,1137,135.
S01: 4219,4989,-15712,-2,-5,3,-1103,1137,127.
S01: 4178,5044,-15686,1,2,13,-1151,1185,135.
S01: 4084,5066,-15656,-5,-3,15,-1151,1185,119.
S01: 4106,5091,-15725,9,-15,10,-1119,1113,117.
S01: 4064,4907,-15775,-3,3,18,-1103,1145,113.
S01: 4094,5030,-15903,-3,-1,12,-1167,1145,113.
S01: 4238,4975,-15886,-4,-5,12,-1095,1161,135.
S01: 4054,5010,-15622,2,0,10,-1127,1169,123.
S01: 4209,5072,-15933,1,-7,14,-1119,1161,121.
S01: 3966,4990,-15778,-3,-7,-1,-1087,1129,125.
S01: 4244,4937,-15908,1,-3,6,-1111,1137,111.
S01: 4193,4968,-15729,-2,-8,5,-1055,1129,121.
S01: 4033,5016,-15860,0,-1,9,-1079,1153,111.
S01: 4127,5041,-15832,5,-5,0,-1095,1161,121.
S01: 4087,5153,-15753,-2,-4,15,-1111,1177,113.
S01: 4023,4992,-15629,8,-2,7,-1087,1185,133.
S01: 4108,5119,-15851,-2,-12,8,-1127,1169,133.
S01: 4151,5026,-15865,8,-6,9,-1119,1121,109.
S01: 4022,4928,-15798,0,-7,8,-1143,1137,123.
S01: 4204,5037,-15954,3,-2,9,-1127,1185,117.
S01: 4216,5069,-15703,3,-8,13,-1095,1169,101.
S01: 4268,5071,-15800,-1,-11,4,-1119,1145,123.
S01: 4212,4995,-15900,1,-2,3,-1087,1169,119.
S01: 4220,4816,-15774,0,2,5,-1127,1169,133.
S01: 4170,5001,-15892,-2,-3,4,-1079,1145,107.
S01: 4173,4996,-15857,-3,-3,12,-1135,1177,133.
S01: 4024,5053,-15708,-1,-2,12,-1111,1113,119.
S01: 4173,5025,-15875,-6,-6,8,-1127,1153,121.
S01: 4194,5044,-15754,0,-9,-6,-1135,1185,109.
S01: 4308,5047,-15880,7,-3,7,-1127,1153,129.
S01: 4185,4916,-15877,-6,0,7,-1143,1185,107.
S01: 4133,4954,-15888,-6,-3,0,-1135,1153,113.
S01: 4085,5071,-15756,-4,-1,0,-1135,1137,115.
S01: 4135,4982,-15816,-11,-6,1,-1119,1185,97.
S01: 4141,4996,-15768,-8,0,-6,-1151,1169,115.
S01: 4135,5032,-15844,-1,-3,2,-1095,1137,87.
S01: 4057,4918,-15857,0,-6,7,-1095,1153,113.
S01: 4213,5014,-15852,2,-2,2,-1127,1169,125.
S01: 4039,5085,-15759,6,-4,5,-1119,1193,123.
S01: 4254,5127,-15828,-3,1,6,-1151,1129,97.
S01: 4046,5095,-15832,-2,-10,1,-1103,1185,113.
S01: 4205,5043,-15877,-2,-2,1,-1127,1153,111.
S01: 4215,4974,-15884,-6,0,4,-1143,1145,125.
S01: 4267,4900,-15809,1,-8,1,-1151,1137,117.
S01: 4142,4945,-15847,-10,-5,3,-1143,1121,133.
S01: 4245,4950,-15684,-4,-15,14,-1119,1113,105.
S01: 4163,4956,-15797,1,-3,5,-1127,1153,123.
S01: 4310,5023,-15844,-4,2,-1,-1087,1169,125.
S01: 4133,5027,-15752,-8,-3,-3,-1143,1177,121.
S01: 4156,4921,-15861,2,-8,2,-1095,1113,125.
S01: 4198,4947,-15885,-2,3,3,-1127,1201,149.
S01: 4161,4989,-15809,5,-5,-2,-1135,1121,107.
S01: 4095,4910,-15812,4,-7,9,-1135,1129,97.
S01: 4076,4926,-15794,-3,10,-1,-1087,1177,101.
S01: 4161,4915,-15945,-7,-1,7,-1127,1177,111.
S01: 4150,4928,-15743,0,-16,1,-1119,1177,121.
S01: 4205,4864,-15855,1,-6,4,-1111,1185,121.
S01: 4164,5005,-15839,4,-11,10,-1159,1169,123.
S01: 4119,5033,-15841,1,-7,1,-1143,1153,113.
S01: 4248,5153,-15861,2,-4,7,-1111,1169,145.
S01: 4171,5025,-15737,-1,-5,10,-1135,1153,123.
S01: 4123,5039,-15952,1,6,1,-1111,1161,103.
S01: 4035,5021,-15663,-2,-6,5,-1095,1145,119.
S01: 4176,5061,-15809,3,-7,1,-1071,1145,113.
S01: 4214,5047,-15866,0,3,3,-1095,1137,121.
S01: 4314,4919,-15930,6,-2,4,-1151,1153,109.
S01: 4185,4953,-15836,1,-6,-5,-1127,1153,135.
S01: 4203,4937,-15831,-6,10,8,-1175,1177,97.
S01: 4124,5044,-15728,-2,4,-9,-1143,1185,123.
S01: 4287,4971,-15672,4,-3,4,-1127,1145,121.
S01: 4189,4984,-15534,1,-1,8,-1143,1145,97.
S01: 4193,4960,-15971,3,-10,3,-1127,1105,115.
S01: 4070,5049,-15854,-5,-7,4,-1095,1129,107.
S01: 4258,4978,-15672,1,1,6,-1079,1185,117.
S01: 4306,4930,-15652,-7,-12,3,-1127,1121,109.
S01: 4258,5040,-15741,5,-2,4,-1135,1185,93.
S01: 4272,5039,-15806,11,-6,2,-1135,1153,113.
S01: 4360,4986,-15893,1,-1,2,-1143,1193,115.
S01: 4084,4931,-15770,-2,-18,9,-1143,1193,117.
S01: 4188,5011,-15906,-9,-5,8,-1127,1201,89.
S01: 4185,5005,-15939,4,-3,11,-1103,1169,99.
S01: 4207,5055,-15839,0,4,12,-1127,1185,117.
S01: 4269,5053,-15855,5,-1,10,-1143,1161,77.
S01: 4261,5011,-15657,4,-8,1,-1127,1129,111.
S01: 4252,5039,-16052,1,-2,4,-1103,1185,131.
S01: 4241,5026,-15768,1,-7,9,-1127,1169,107.
S01: 4221,5152,-15722,-1,-3,14,-1103,1137,99.
S01: 4265,5115,-15821,7,-8,0,-1103,1161,137.
S01: 4180,4912,-15943,4,-1,11,-1135,1161,111.
S01: 4148,5025,-15906,10,-13,8,-1119,1137,111.
S01: 4288,4900,-15889,7,-5,2,-1111,1121,115.
S01: 4251,4874,-15935,2,-2,13,-1047,1161,95.
S01: 4307,4967,-15821,3,-2,3,-1143,1121,113.
S01: 4288,5016,-15960,6,-8,3,-1135,1193,131.
S01: 4209,5021,-15752,9,-12,0,-1151,1185,123.
S01: 4276,4901,-15792,-3,-8,13,-1127,1113,115.
S01: 4384,5078,-15908,6,1,4,-1079,1153,111.
S01: 4102,4959,-15719,-1,-13,4,-1087,1145,121.
S01: 4276,4874,-15884,4,-7,9,-1103,1169,121.
S01: 4254,5156,-15827,-1,2,7,-1079,1177,113.
S01: 4270,4974,-15913,0,-1,5,-1135,1153,125.
S01: 4268,4963,-15903,2,-11,8,-1103,1169,113.
S01: 4208,4883,-15878,2,5,9,-1119,1153,93.
S01: 4327,5041,-15971,4,3,8,-1103,1177,107.
S01: 4316,4940,-15818,4,-9,2,-1135,1177,135.
S01: 4265,5011,-15952,5,-4,7,-1079,1193,157.
S01: 4232,5019,-15948,2,2,7,-1087,1105,115.
S01: 4198,5128,-15808,10,2,9,-1127,1145,91.
S01: 4217,5002,-15900,-3,-7,6,-1167,1129,127.
S01: 4198,4882,-15879,1,-1,11,-1079,1201,101.
S01: 4174,5030,-15832,3,-4,1,-1119,1209,121.
S01: 4261,4921,-15908,9,0,0,-1119,1169,103.
S01: 4201,4912,-15899,-1,-7,1,-1127,1153,115.
S01: 4242,5076,-15836,10,-3,1,-1103,1145,115.
S01: 4279,4937,-15888,0,-4,2,-1087,1161,113.
S01: 4370,4901,-15991,1,-7,5,-1111,1177,123.
S01: 4315,5042,-15949,-2,-5,-4,-1111,1145,121.
S01: 4182,4877,-15814,0,0,9,-1159,1193,107.
S01: 4205,5043,-15753,8,-2,-3,-1111,1145,109.
S01: 4245,5004,-15872,1,-5,-3,-1087,1177,111.
S01: 4253,4983,-15889,-6,-2,-3,-1103,1193,97.
S01: 4189,5061,-15729,-3,1,-3,-1175,1185,109.
S01: 4215,5020,-15699,-4,-1,2,-1079,1217,131.
S01: 4298,5009,-15880,-5,0,2,-1167,1169,97.
S01: 4213,4898,-15776,-3,-7,5,-1151,1161,115.
S01: 4239,4875,-15936,9,-4,2,-1111,1177,129.
S01: 4398,4989,-15753,4,5,-3,-1135,1153,115.
S01: 4297,4855,-15816,0,0,-3,-1135,1153,99.
S01: 4324,5141,-15855,19,-3,-5,-1111,1169,123.
S01: 4168,4848,-15861,-1,-8,3,-1095,1169,123.
S01: 4198,4867,-15657,3,-6,-5,-1079,1137,101.
S01: 4216,4948,-15710,1,-19,-7,-1087,1129,103.
S01: 4107,5004,-15953,3,-5,-4,-1119,1145,121.
S01: 4400,4929,-15981,7,-7,-2,-1095,1161,95.
S01: 4222,5028,-15805,-2,1,-7,-1135,1137,121.
S01: 4363,4990,-15761,-2,2,-6,-1111,1161,123.
S01: 4143,4934,-15774,-4,-5,-4,-1103,1209,113.
S01: 4184,4947,-15875,-3,0,1,-1095,1153,113.
S01: 4181,4916,-15785,3,-8,-6,-1063,1161,123.
S01: 4242,5043,-15697,5,-2,0,-1151,1153,135.
S01: 4268,5030,-15805,2,-13,-4,-1127,1113,111.
S01: 4094,4991,-15813,-7,-4,-2,-1119,1121,129.
S01: 4190,5006,-15952,-4,-3,5,-1111,1169,121.
S01: 4251,5060,-15863,1,-1,2,-1111,1113,121.
S01: 4304,4886,-15833,-8,-7,-2,-1111,1153,119.
S01: 4271,5080,-15783,-1,-10,-4,-1167,1113,125.
S01: 4266,4922,-15987,2,-1,-2,-1159,1153,115.
S01: 4219,4988,-15803,1,4,-9,-1071,1129,125.
S01: 4299,4944,-15852,-3,-6,-5,-1111,1161,123.
S01: 3991,5030,-15842,2,3,-7,-1103,1201,133.
S01: 4307,5033,-15646,3,-11,5,-1127,1193,113.
S01: 4204,4992,-15943,1,-5,2,-1151,1193,143.
S01: 4152,4843,-15840,2,-7,1,-1111,1177,111.
S01: 4244,4944,-15620,6,-1,-3,-1079,1169,141.
S01: 4314,4916,-15708,-2,-10,4,-1135,1145,109.
S01: 4188,4969,-15834,2,-5,-3,-1151,1105,133.
S01: 4225,4816,-15861,-2,3,10,-1071,1193,99.
S01: 4325,4855,-15894,2,-8,0,-1127,1201,133.
S01: 4209,4981,-15943,2,-19,1,-1103,1113,119.
S01: 4142,5043,-15752,-6,-7,-5,-1079,1137,123.
S01: 4300,4869,-15932,1,1,-8,-1079,1161,91.
S01: 4268,5009,-15871,-11,-4,2,-1127,1177,119.
S01: 4311,4956,-15805,-3,-5,-9,-1103,1177,119.
S01: 4334,4947,-15864,-2,-10,5,-1095,1145,95.
S01: 4229,4919,-15968,5,-4,6,-1143,1161,109.
S01: 4266,5094,-15812,4,-5,13,-1167,1161,95.
S01: 4294,4923,-15887,-1,2,-4,-1063,1193,117.
S01: 4314,4941,-15791,0,-9,4,-1079,1153,125.
S01: 4301,5079,-15808,5,1,-5,-1135,1137,95.
S01: 4388,5019,-15688,-3,-20,-3,-1127,1169,127.
S01: 4174,5064,-15988,0,-4,-6,-1143,1145,107.
S01: 4324,5074,-15696,-5,-5,3,-1135,1153,121.
S01: 4146,4950,-15776,-2,-3,-1,-1143,1129,103.
S01: 4280,4957,-15824,0,-4,-4,-1095,1177,119.
S01: 4326,4946,-15819,-1,-10,2,-1079,1169,117.
S01: 4369,4922,-15956,9,-12,-3,-1119,1129,125.
S01: 4332,4893,-15948,7,-7,-4,-1167,1201,125.
S01: 4192,5002,-15786,-5,-5,-2,-1127,1177,113.
S01: 4262,5045,-15704,5,-8,4,-1135,1193,123.
S01: 4184,5093,-15946,2,0,-1,-1111,1201,99.
S01: 4247,5020,-15825,0,-2,-2,-1143,1185,113.
S01: 4276,4972,-15843,0,1,-2,-1103,1137,101.
S01: 4193,5061,-15847,-2,-3,3,-1119,1169,133.
S01: 4166,4915,-15881,8,-8,1,-1127,1129,81.
S01: 4233,4963,-15859,7,-8,3,-1119,1201,119.
S01: 4185,5018,-15752,8,-7,-6,-1159,1161,115.
S01: 4103,4966,-15845,2,2,-2,-1143,1153,105.
S01: 4100,4922,-15836,0,-3,2,-1151,1153,111.
S01: 4194,5007,-15874,-2,-5,-5,-1111,1161,121.
S01: 4287,5023,-15826,2,-13,8,-1143,1153,115.
S01: 4216,4950,-15879,-5,-13,-7,-1143,1177,99.
S01: 4182,5012,-15820,-4,-2,2,-1095,1177,105.
S01: 4239,4962,-15769,6,-9,0,-1127,1129,121.
S01: 4142,5038,-15897,-7,-5,-1,-1143,1185,115.
S01: 4278,4992,-15752,-1,2,3,-1119,1177,109.
S01: 4315,5000,-15746,8,-3,-3,-1151,1201,105.
S01: 4306,4839,-15777,-6,-10,1,-1103,1185,89.
S01: 4298,5082,-15883,-3,-6,3,-1087,1185,89.
S01: 4221,5045,-15991,1,-8,1,-1095,1153,117.
S01: 4186,5056,-15783,3,-6,-1,-1071,1185,107.
S01: 4223,5096,-15796,5,-9,1,-1159,1145,109.
S01: 4149,4964,-15953,0,3,-1,-1087,1209,121.
S01: 4368,5025,-15868,3,-8,-2,-1095,1145,129.
S01: 4218,5021,-15817,6,-10,2,-1167,1201,95.
S01: 4207,5007,-15845,7,-3,7,-1135,1153,125.
S01: 4361,5094,-15843,11,-10,-2,-1111,1105,115.
S01: 4277,4988,-15986,-11,-7,2,-1103,1145,115.
S01: 4127,5076,-15716,8,3,-13,-1103,1113,107.
S01: 4178,4922,-16040,-1,-2,-6,-1071,1169,109.
S01: 4260,4998,-16019,4,-8,9,-1103,1161,99.
S01: 4213,5076,-15947,6,-12,-3,-1127,1153,137.
S01: 4098,5128,-15773,5,-13,-4,-1127,1129,123.
S01: 4169,5107,-15851,2,-9,-5,-1047,1201,95.
S01: 4187,5165,-15765,-1,-16,-1,-1135,1169,115.
S01: 4304,4996,-15792,-1,-16,-3,-1111,1161,99.
S01: 4290,5114,-15892,6,-13,-5,-1127,1145,127.
S01: 4171,4919,-15933,0,-19,7,-1151,1153,119.
S01: 4159,5016,-15900,-1,-11,2,-1111,1129,95.
S01: 4261,5042,-15975,-2,0,-1,-1119,1145,101.
S01: 4305,4890,-15901,0,-2,-10,-1087,1185,131.
S01: 4264,4934,-15783,9,-3,-4,-1095,1145,125.
S01: 4331,5036,-15888,-6,-1,-5,-1087,1169,109.
S01: 4434,4995,-15837,0,-10,0,-1103,1129,129.
S01: 4187,5098,-15896,-3,-4,-2,-1151,1185,111.
S01: 4250,5070,-15886,-5,-2,3,-1143,1145,119.
S01: 4360,5039,-15846,3,-2,-1,-1103,1153,103.
S01: 4185,5082,-15805,-12,-14,-4,-1127,1201,121.
S01: 4161,4948,-15825,4,-17,-5,-1159,1153,89.
S01: 4334,4941,-15933,-4,-20,-4,-1151,1161,103.
S01: 4136,5108,-15881,-2,-14,2,-1143,1161,153.
S01: 4129,5191,-15777,3,-14,9,-1135,1169,99.
S01: 4225,5091,-16025,9,-12,-9,-1143,1161,117.
S01: 4278,5145,-15777,1,-16,-9,-1135,1153,115.
S01: 4269,4830,-15877,0,-6,-9,-1159,1153,127.
S01: 4104,5004,-15797,3,-12,-12,-1119,1129,99.
S01: 4154,5050,-15781,-8,-13,-7,-1143,1177,143.
S01: 4211,5117,-15810,2,-7,-12,-1151,1177,107.
S01: 4025,4970,-16021,1,-11,-3,-1119,1193,113.
S01: 4094,5005,-15915,5,-8,-3,-1159,1185,109.
S01: 4170,4910,-15813,-4,-11,2,-1079,1169,89.
S01: 4131,4983,-15812,-2,-1,-14,-1087,1153,107.
S01: 4130,4865,-15709,1,-12,-7,-1143,1161,111.
S01: 4051,4985,-15905,-3,-13,-8,-1103,1129,141.
S01: 4157,5010,-15824,-1,-9,-5,-1103,1105,117.
S01: 4160,4879,-15963,-1,-11,6,-1159,1145,123.
S01: 4286,4882,-15696,1,-12,-7,-1087,1153,111.
S01: 4109,5001,-15901,-5,-11,-5,-1087,1129,119.
S01: 4268,5022,-16007,-1,-19,1,-1127,1153,95.
S01: 4113,5006,-15749,0,-4,-7,-1143,1193,109.
S01: 4001,4927,-15629,-3,-11,-6,-1143,1169,107.
S01: 4201,5090,-15912,0,-15,5,-1143,1177,115.
S01: 4128,4976,-15854,7,-14,-11,-1135,1185,117.
S01: 4060,4961,-15941,-5,-9,4,-1159,1169,105.
S01: 4101,5083,-15743,-1,-17,-6,-1159,1177,117.
S01: 4131,4962,-15764,-8,-9,-6,-1143,1113,97.
S01: 3991,5092,-15701,1,-12,2,-1127,1185,109.
S01: 4048,5045,-15661,-4,-15,3,-1119,1129,117.
S01: 4094,4995,-15936,-4,-9,0,-1167,1161,119.
S01: 4169,5005,-15924,2,-16,-3,-1063,1161,115.
S01: 4114,5078,-15797,-1,-11,1,-1111,1129,111.
S01: 4245,5022,-15804,4,-11,2,-1111,1161,133.
S01: 4101,5077,-15831,4,-9,-6,-1119,1145,113.
S01: 4087,5185,-15854,1,-13,-4,-1103,1161,115.
S01: 4117,4990,-15874,0,-9,-5,-1111,1161,125.
S01: 4240,4982,-15835,3,-11,7,-1159,1177,127.
S01: 3949,5140,-15744,-12,-17,-2,-1119,1185,113.
S01: 4129,5038,-15829,3,-13,-3,-1127,1193,105.
S01: 3951,4894,-15856,0,-15,0,-1111,1121,103.
S01: 4159,5071,-15799,-4,-11,-5,-1095,1145,105.
S01: 3904,5003,-15905,2,-8,-9,-1087,1161,99.
S01: 4133,4962,-15712,6,-18,-5,-1119,1097,105.
S01: 4071,5061,-16014,3,-15,6,-1135,1153,125.
S01: 4138,5007,-15814,-2,1,3,-1159,1177,101.
S01: 4253,5149,-15933,-7,-7,-3,-1135,1153,101.
S01: 4174,5060,-15746,9,-4,-10,-1151,1193,105.
S01: 4170,5102,-15710,-2,-13,4,-1111,1185,105.
S01: 3984,4937,-15660,-3,-3,-4,-1119,1121,115.
S01: 4150,5038,-15717,-1,-11,-4,-1119,1145,133.
S01: 4090,5097,-16035,-1,-14,-3,-1135,1153,119.
S01: 4112,4984,-15800,-2,-15,-1,-1119,1129,111.
S01: 4171,4960,-15969,7,-17,-9,-1079,1121,111.
S01: 3987,5050,-15866,2,-24,0,-1159,1185,101.
S01: 4065,5023,-15821,-6,-6,1,-1143,1153,119.
S01: 4149,5132,-15811,5,-17,-2,-1119,1153,135.
S01: 3960,5114,-15833,8,-10,-3,-1127,1145,111.
S01: 4126,4905,-15677,3,-11,0,-1135,1121,101.
S01: 3992,5110,-15725,4,-2,1,-1159,1169,133.
S01: 4169,5052,-15967,1,-11,-5,-1143,1097,101.
S01: 4049,5027,-15921,2,-12,-1,-1119,1169,121.
S01: 4178,5030,-15766,5,-16,-8,-1095,1137,129.
S01: 4016,5033,-15735,-1,-13,1,-1079,1153,129.
S01: 4028,5030,-15659,1,-20,-4,-1143,1177,111.
S01: 4100,5149,-15871,-4,-13,-2,-1127,1193,115.
S01: 4093,4942,-15947,4,-19,-3,-1127,1177,97.
S01: 4144,5111,-15718,-1,-12,-2,-1135,1145,91.
S01: 4008,4929,-15688,2,-11,-7,-1071,1209,117.
S01: 4232,4899,-15718,-7,-2,0,-1095,1145,117.
S01: 4084,5009,-15912,-1,-12,-12,-1159,1169,125.
S01: 4281,5107,-15920,-3,-15,-5,-1143,1137,113.
S01: 3949,5058,-15840,1,-16,-6,-1119,1193,109.
S01: 4039,4896,-15889,-3,-17,-10,-1111,1129,129.
S01: 4174,5075,-15810,1,-17,7,-1151,1145,95.
