0146,2,-16,-2,-1071,-287,41.
S01: 9185,10329,-9975,0,-5,3,-1055,-231,47.
S01: 9197,10208,-9888,6,-12,4,-1031,-279,15.
S01: 9228,10394,-10042,5,-12,-2,-1071,-255,51.
S01: 9175,10244,-9962,7,-10,1,-1055,-295,35.
S01: 9038,10282,-9867,7,-7,-2,-1095,-287,29.
S01: 9154,10288,-9918,-5,-14,8,-1015,-271,39.
S01: 9169,10437,-10006,0,-13,5,-1071,-239,3.
S01: 9218,10329,-9957,-1,-9,-1,-1079,-295,13.
S01: 9169,10266,-10233,0,-5,1,-1031,-271,25.
S01: 9200,10351,-9975,0,-7,7,-1039,-247,27.
S01: 9244,10264,-10203,3,-9,-1,-1047,-255,53.
S01: 9149,10243,-9950,5,-7,8,-1071,-303,27.
S01: 9239,10293,-10036,2S01: 9234,10283,-10041,6,-25,3,-1039,-303,19.
S01: 9364,10328,-10116,1,-20,8,-1039,-247,49.
S01: 9288,10171,-9967,1,-14,4,-999,-287,27.
S01: 9314,10320,-9824,6,-23,3,-1079,-287,47.
S01: 9300,10295,-10159,5,-24,7,-1015,-279,17.
S01: 9406,10236,-9951,9,-20,6,-1071,-287,27.
S01: 9358,10044,-10175,0,-20,9,-1039,-271,49.
S01: 9314,10169,-10202,2,-24,-4,-1015,-279,1.
S01: 9278,10326,-9908,4,-13,6,-1063,-271,11.
S01: 9246,10320,-9971,7,-26,8,-1055,-263,15.
S01: 9232,10248,-9928,4,-21,15,-1047,-271,25.
S01: 9286,10276,-10087,6,-11,4,-1063,-287,41.
S01: 9133,10332,-10020,10,-19,-8,-1063,-295,35.
S01: 9225,10285,-9844,6,-21,8,-1071,-311,33.
S01: 9293,10353,-9973,8,-26,8,-1023,-247,23.
S01: 9286,10317,-9907,4,-27,14,-1007,-287,5.
S01: 9353,10249,-10070,2,-21,18,-1023,-287,25.
S01: 9426,10288,-9866,4,-19,6,-1039,-295,3.
S01: 9231,10331,-10032,4,-31,13,-983,-311,21.
S01: 9235,10351,-9848,6,-25,8,-1063,-295,25.
S01: 9095,10342,-10076,8,-31,8,-1031,-303,27.
S01: 9179,10322,-9901,8,-26,14,-1039,-295,19.
S01: 9266,10395,-9945,8,-29,10,-1039,-271,29.
S01: 9258,10270,-9877,-3,-40,11,-1071,-247,27.
S01: 9239,10374,-9874,4,-28,11,-1063,-295,-1.
S01: 9236,10225,-10009,3,-24,12,-1087,-295,19.
S01: 9240,10369,-9943,3,-23,10,-1039,-295,23.
S01: 9287,10234,-9980,10,-28,7,-1023,-279,31.
S01: 9120,10223,-9923,5,-24,7,-1079,-303,19.
S01: 9386,10305,-9780,7,-38,7,-1079,-295,27.
S01: 9374,10325,-10018,10,-25,5,-1023,-303,33.
S01: 9312,10268,-9936,2,-25,8,-1055,-255,29.
S01: 9414,10274,-10675,-94,152,28,-1047,-279,45.
S01: 10154,10891,-10059,127,101,-93,-1047,-335,13.
S01: 9215,10662,-9227,38,-59,-64,-1063,-263,39.
S01: 9395,10270,-9801,85,12,-31,-1071,-279,23.
S01: 9502,10134,-9576,59,7,-33,-1047,-303,25.
S01: 9294,10320,-10284,0,-67,-16,-1047,-335,21.
S01: 9152,10334,-9699,-35,146,-8,-1047,-327,25.
S01: 9372,10384,-10127,59,-122,-21,-999,-263,29.
S01: 9250,10252,-9787,27,27,19,-1063,-295,15.
S01: 9078,10575,-9894,-27,14,-6,-1015,-279,23.
S01: 9221,10236,-9945,11,-52,20,-1007,-279,17.
S01: 9220,10262,-10102,-32,56,19,-1071,-279,35.
S01: 9344,10395,-9789,3,-54,2,-1055,-279,13.
S01: 9217,10180,-9992,21,4,10,-1079,-311,25.
S01: 9260,10264,-10075,-18,18,-15,-1087,-279,29.
S01: 9208,10232,-9807,35,-52,4,-1047,-287,23.
S01: 9197,10307,-9911,-5,12,-3,-1039,-271,33.
S01: 9182,10306,-9968,4,-10,-1,-1071,-295,27.
S01: 9404,10376,-9888,12,-36,13,-1063,-271,19.
S01: 9277,10328,-9936,-9,-7,3,-1087,-287,27.
S01: 9052,10353,-9926,14,-34,18,-1007,-279,-1.
S01: 9299,10407,-10023,-7,0,0,-1023,-295,21.
S01: 9350,10321,-9819,2,-8,8,-1031,-239,7.
S01: 9256,10335,-9871,12,-16,2,-1039,-311,3.
S01: 9160,10472,-9907,2,-4,1,-1055,-279,39.
S01: 9194,10338,-9940,8,-12,4,-1039,-295,23.
S01: 9236,10140,-9991,4,-14,-1,-1031,-303,15.
S01: 9269,10341,-9914,-3,-5,3,-1047,-247,11.
S01: 9220,10354,-9911,5,-28,0,-1039,-263,25.
S01: 9363,10377,-9952,-6,-3,6,-1063,-311,39.
S01: 9327,10216,-9819,-1,-15,-4,-1071,-247,25.
S01: 9321,10484,-10067,-3,-19,3,-1031,-271,11.
S01: 9342,10276,-9840,8,-17,1,-1063,-303,17.
S01: 9247,10221,-9963,8,-18,-1,-1087,-279,41.
S01: 9301,10274,-9870,5,-4,3,-1079,-303,41.
S01: 9193,10313,-9913,7,-24,4,-1023,-287,15.
S01: 9372,10280,-9982,-3,-11,1,-1039,-271,-5.
S01: 9322,10202,-9852,5,-11,-8,-1071,-303,15.
S01: 9245,10356,-9941,1,-14,7,-1023,-295,13.
S01: 9325,10299,-9822,2,-12,6,-1047,-295,33.
S01: 9224,10453,-9829,6,-11,1,-1047,-303,39.
S01: 9272,10288,-9947,-3,-5,3,-1071,-295,-3.
S01: 9285,10439,-9986,-1,-9,4,-1071,-295,33.
S01: 9308,10328,-9833,2,-14,4,-1031,-303,31.
S01: 9341,10231,-9894,0,-13,-1,-1039,-271,-9.
S01: 9302,10355,-10003,-2,-7,-2,-1031,-287,3.
S01: 9387,10235,-9881,3,-13,7,-1063,-303,17.
S01: 9163,10302,-9882,0,-17,-2,-1047,-279,11.
S01: 9306,10382,-9910,-2,-5,5,-1071,-303,17.
S01: 9187,10332,-9992,8,-7,5,-1039,-287,31.
S01: 9296,10308,-9762,-5,-7,3,-1031,-311,23.
S01: 9249,10397,-9951,7,-13,0,-1071,-295,35.
S01: 9300,10337,-9924,3,-8,0,-1071,-263,27.
S01: 9264,10248,-9788,2,-14,-1,-1039,-295,25.
S01: 9296,10326,-9911,0,-6,-3,-1023,-271,31.
S01: 9315,10306,-9803,6,-19,6,-1047,-327,33.
S01: 9172,10394,-9929,1,-31,16,-1039,-271,29.
S01: 9099,10332,-9743,16,-34,14,-1055,-255,37.
S01: 9201,10247,-9876,6,-32,10,-1031,-295,7.
S01: 9250,10347,-9975,8,-30,3,-1015,-303,21.
S01: 9282,10353,-9929,1,-39,4,-1047,-279,23.
S01: 9225,10419,-9777,12,-41,11,-1039,-271,13.
S01: 9097,10338,-9800,5,-24,9,-1023,-279,23.
S01: 9238,10319,-9768,9,-38,0,-1039,-287,-3.
S01: 9239,10331,-9759,-2,-32,11,-1047,-327,21.
S01: 9153,10263,-9884,6,-33,10,-999,-271,9.
S01: 9275,10335,-10058,8,0,4,-1047,-327,17.
S01: 9261,10350,-9979,-3,4,2,-1031,-271,25.
S01: 9171,10386,-9762,0,-25,6,-1015,-319,35.
S01: 9279,10318,-9962,1,2,4,-1095,-263,29.
S01: 9268,10201,-10040,3,-11,0,-1055,-303,7.
S01: 9181,10382,-10107,0,-15,5,-1055,-279,23.
S01: 9108,10357,-9964,-7,-2,6,-1031,-287,15.
S01: 9242,10347,-9896,7,-19,-5,-1031,-319,15.
S01: 9335,10362,-9980,10,-8,-3,-1007,-279,11.
S01: 9183,10423,-9757,4,-11,-2,-1047,-303,25.
S01: 9193,10344,-9985,2,-13,2,-991,-311,31.
S01: 9248,10278,-9956,-9,-7,5,-1063,-295,29.
S01: 9223,10319,-9948,-1,-13,6,-1031,-319,35.
S01: 9277,10274,-9832,14,-3,9,-1031,-311,27.
S01: 9375,10405,-9911,4,-17,8,-1071,-279,21.
S01: 9307,10284,-9734,-2,-8,6,-1079,-271,17.
S01: 9296,10289,-9912,4,-7,1,-1055,-287,17.
S01: 9304,10344,-9845,6,-2,2,-1023,-327,25.
S01: 9173,10411,-10008,-2,-5,4,-1087,-279,17.
S01: 9266,10276,-9856,0,-5,-8,-1055,-303,23.
S01: 9141,10368,-9961,10,-7,3,-1039,-255,19.
S01: 9380,10514,-9974,-3,-7,0,-1087,-303,17.
S01: 9202,10260,-9945,7,-2,-1,-1023,-271,15.
S01: 9128,10282,-9946,1,-2,-11,-1071,-279,35.
S01: 9278,10408,-9881,-1,-7,4,-1095,-287,19.
S01: 9235,10226,-9810,-2,-12,0,-1023,-287,1.
S01: 9252,10284,-9944,-3,-15,8,-1111,-319,17.
S01: 9369,10342,-9844,9,-8,1,-1095,-279,19.
S01: 9256,10405,-9967,7,-5,5,-1047,-287,7.
S01: 9209,10378,-9939,12,-1,11,-1055,-319,23.
S01: 9421,10275,-9919,2,-4,4,-1055,-319,7.
S01: 9247,10262,-9766,1,-18,4,-967,-311,25.
S01: 9144,10269,-9864,3,-16,3,-1031,-311,17.
S01: 9250,10224,-9992,8,-6,0,-1015,-295,39.
S01: 9358,10276,-9994,-2,-10,0,-1071,-287,21.
S01: 9252,10309,-9913,5,-5,1,-975,-263,-3.
S01: 9350,10327,-10020,1,-2,1,-1039,-311,17.
S01: 9272,10337,-9964,9,-6,6,-1023,-287,33.
S01: 9235,10391,-10031,7,-9,0,-1055,-303,31.
S01: 9174,10318,-9909,3,-5,3,-1007,-295,13.
S01: 9247,10450,-10079,-1,-4,2,-1039,-311,49.
S01: 9253,10344,-9955,5,0,6,-1055,-303,27.
S01: 9270,10350,-9976,3,-10,4,-1031,-271,33.
S01: 9268,10331,-9935,3,-4,2,-1023,-335,-1.
S01: 9297,10250,-9856,3,-12,-10,-1071,-335,39.
S01: 9351,10331,-9876,4,-2,-2,-1087,-287,29.
S01: 9222,10286,-9802,7,-2,0,-1063,-295,23.
S01: 9266,10333,-10047,0,-1,3,-1087,-263,37.
S01: 9201,10404,-9979,5,-3,-4,-1007,-303,13.
S01: 9316,10308,-9925,-1,-2,2,-1015,-311,29.
S01: 9336,10319,-9942,0,-12,2,-999,-295,5.
S01: 9216,10348,-10010,2,-4,-4,-991,-287,3.
S01: 9328,10223,-9970,0,-5,1,-1063,-287,23.
S01: 9060,10308,-10121,0,1,-7,-1079,-319,25.
S01: 9189,10334,-9928,-1,1,-2,-1055,-295,41.
S01: 9212,10293,-9876,0,2,-5,-1023,-295,23.
S01: 9119,10352,-9927,-7,3,-5,-1055,-279,9.
S01: 9292,10264,-9841,4,15,2,-1055,-303,23.
S01: 9451,10360,-9876,-2,2,-3,-1047,-319,35.
S01: 9322,10338,-9758,2,3,-7,-1055,-279,25.
S01: 9371,10344,-9979,0,2,0,-1031,-279,15.
S01: 9337,10253,-9793,-1,2,-3,-1055,-279,33.
S01: 9202,10353,-9792,-4,-4,0,-1071,-311,-3.
S01: 9201,10342,-10005,5,4,3,-1095,-319,3.
S01: 9188,10408,-9908,6,0,-5,-1015,-311,13.
S01: 9206,10321,-9759,0,1,0,-1079,-279,45.
S01: 9177,10304,-9887,0,-13,6,-1039,-279,33.
S01: 9210,10381,-9612,8,-16,3,-1055,-327,23.
S01: 9215,10270,-9719,3,-10,3,-1023,-295,45.
S01: 9246,10378,-9891,0,-3,1,-1063,-287,27.
S01: 9162,10420,-9878,-3,-6,-2,-1063,-255,19.
S01: 9260,10322,-9796,1,-10,0,-1023,-271,19.
S01: 9136,10395,-9653,-7,1,3,-1063,-303,39.
S01: 9402,10329,-9785,8,-16,4,-1031,-239,9.
S01: 9346,10328,-9797,-3,0,-8,-1063,-287,27.
S01: 9346,10375,-9962,6,4,-3,-1055,-327,25.
S01: 9349,10259,-9852,4,3,0,-1063,-279,21.
S01: 9361,10345,-9976,4,-4,2,-1031,-263,37.
S01: 9317,10325,-9879,3,-15,-4,-1047,-319,-5.
S01: 9169,10284,-9871,0,-13,-1,-1055,-287,7.
S01: 9118,10369,-9745,1,-6,2,-1023,-271,21.
S01: 9312,10166,-9839,-4,-5,-2,-1047,-295,21.
S01: 9395,10210,-10175,-5,-5,2,-1031,-271,25.
S01: 9152,10416,-9857,0,7,-5,-1023,-343,21.
S01: 9179,10310,-9845,-2,0,4,-1071,-295,25.
S01: 9159,10328,-9959,4,-2,-4,-1023,-303,15.
S01: 9148,10350,-9836,3,7,-3,-1063,-295,19.
S01: 9161,10434,-9765,5,1,-5,-1047,-295,17.
S01: 9299,10246,-10049,-1,3,-1,-1039,-287,-5.
S01: 9207,10376,-9869,5,4,0,-1023,-311,27.
S01: 9194,10325,-9925,-1,9,-12,-1023,-287,17.
S01: 9311,10407,-9939,0,6,0,-1039,-303,23.
S01: 9125,10300,-9806,1,-13,12,-1055,-271,27.
S01: 9149,10310,-10025,-3,-4,-1,-999,-319,49.
S01: 9265,10398,-9800,-5,-7,2,-1079,-303,17.
S01: 9406,10324,-9859,-2,9,-9,-1015,-311,21.
S01: 9317,10359,-9907,-3,11,0,-1079,-287,35.
S01: 9341,10379,-9817,6,-8,13,-1087,-327,13.
S01: 9283,10325,-9898,3,1,5,-1007,-287,47.
S01: 9358,10385,-9695,-3,1,0,-1039,-303,49.
S01: 9288,10411,-9659,-1,-10,0,-1055,-255,39.
S01: 9269,10392,-9904,5,-8,-2,-991,-271,3.
S01: 9174,10330,-9784,-1,5,4,-1071,-287,-7.
S01: 9242,10342,-9797,3,-8,5,-1039,-303,15.
S01: 9169,10283,-9741,5,-6,-2,-1095,-319,17.
S01: 9196,10407,-9795,-2,-15,4,-1055,-279,27.
S01: 9345,10298,-9716,2,-11,-2,-1031,-279,21.
S01: 9220,10372,-9862,2,-15,10,-1039,-303,-7.
S01: 9214,10367,-9885,4,-18,12,-1039,-239,35.
S01: 9244,10428,-9753,-1,-10,7,-1039,-279,39.
S01: 9171,10518,-9754,4,-13,-1,-1095,-287,15.
S01: 9281,10445,-9732,4,-6,-4,-1079,-327,39.
S01: 9245,10398,-9832,4,-10,6,-1087,-303,57.
S01: 9292,10369,-9769,5,-19,0,-1063,-295,5.
S01: 9256,10320,-9928,-2,-13,6,-1063,-255,39.
S01: 9244,10284,-9740,8,-14,-2,-999,-311,37.
S01: 9250,10401,-9804,-3,-5,8,-1039,-271,31.
S01: 9164,10382,-9783,-1,-17,7,-1063,-319,7.
S01: 9184,10403,-9705,2,-8,4,-1047,-263,11.
S01: 9159,10373,-9813,12,-17,3,-1071,-287,19.
S01: 9358,10387,-9863,-3,-4,3,-1023,-287,15.
S01: 9258,10320,-9753,5,-15,2,-1023,-303,1.
S01: 9275,10290,-9856,0,-10,2,-1047,-295,17.
S01: 9197,10433,-9705,-8,-1,-1,-1039,-287,35.
S01: 9220,10421,-9741,8,-13,2,-1023,-319,23.
S01: 9126,10320,-9865,1,-5,8,-1063,-311,-5.
S01: 9370,10288,-9821,0,10,-4,-1031,-271,31.
S01: 9346,10382,-9745,1,-8,1,-1095,-303,21.
S01: 9131,10490,-9632,-5,2,4,-1063,-295,5.
S01: 9202,10464,-9810,2,-11,-1,-1055,-287,7.
S01: 9266,10423,-9919,-1,-5,1,-1031,-295,27.
S01: 9228,10335,-9711,3,-5,0,-1039,-351,13.
S01: 9273,10344,-9915,0,-8,0,-1055,-287,15.
S01: 9087,10458,-9812,6,-1,2,-1039,-295,33.
S01: 9266,10429,-9851,8,-7,1,-1023,-303,23.
S01: 9199,10319,-9936,6,1,-15,-1047,-319,23.
S01: 9266,10359,-9805,1,3,3,-1023,-271,29.
S01: 9246,10376,-9835,0,-14,2,-1063,-311,21.
S01: 9194,10374,-9838,-6,-4,-2,-1031,-327,13.
S01: 9243,10442,-9908,-7,-2,3,-1047,-287,23.
S01: 9334,10397,-9790,1,-12,2,-1055,-255,19.
S01: 9388,10248,-9880,3,-3,3,-983,-279,-1.
S01: 9288,10344,-9804,-1,1,0,-1031,-295,19.
S01: 9202,10497,-9928,-5,-2,-2,-1015,-247,15.
S01: 9309,10387,-9872,5,0,2,-1023,-263,27.
S01: 9237,10436,-9747,-3,0,2,-1047,-287,19.
S01: 9227,10370,-9772,6,-8,0,-1055,-295,15.
S01: 9223,10345,-9799,1,1,1,-1047,-271,3.
S01: 9249,10378,-10011,-5,-3,-5,-1047,-311,23.
S01: 9215,10460,-9891,0,-3,-5,-1095,-279,-1.
S01: 9361,10375,-9856,1,0,-1,-1071,-319,35.
S01: 9169,10426,-9825,-1,5,3,-1007,-303,21.
S01: 9320,10281,-9862,-4,3,6,-1031,-271,21.
S01: 9034,10415,-9761,-2,3,-4,-1071,-295,3.
S01: 9229,10327,-9941,-2,-2,0,-1007,-287,19.
S01: 9323,10378,-9900,-1,8,3,-1047,-327,13.
S01: 9152,10347,-9777,-1,3,1,-1015,-295,37.
S01: 9377,10415,-9676,2,0,-1,-1031,-303,15.
S01: 9160,10489,-9931,-3,-5,0,-1023,-263,29.
S01: 9241,10311,-9788,-3,-2,3,-1047,-311,35.
S01: 9297,10494,-9752,-3,-2,-1,-1071,-271,31.
S01: 9257,10375,-9898,-5,4,-16,-1023,-247,9.
S01: 9261,10226,-9917,-9,6,0,-1015,-279,15.
S01: 9287,10374,-9871,-3,1,-2,-1031,-303,25.
S01: 9110,10310,-9808,-1,4,0,-1007,-271,5.
S01: 9228,10440,-9853,6,5,-2,-1087,-271,17.
S01: 9231,10416,-9710,-7,9,1,-1023,-303,15.
S01: 9189,10490,-9754,-6,9,1,-1047,-303,25.
S01: 9289,10372,-9866,5,4,8,-1079,-327,15.
S01: 9403,10341,-9796,-7,1,2,-1079,-255,35.
S01: 9217,10303,-9661,0,-2,-7,-1055,-303,-3.
S01: 9232,10426,-9809,1,10,-4,-1023,-287,11.
S01: 9262,10363,-9887,-6,6,6,-1015,-287,31.
S01: 9214,10380,-9688,-11,3,-1,-1039,-287,23.
S01: 9333,10443,-9801,5,0,1,-1047,-303,21.
S01: 9240,10283,-9745,0,-1,0,-1055,-279,27.
S01: 9186,10403,-9768,2,5,-2,-1055,-303,17.
S01: 9257,10311,-9924,-1,4,-4,-1055,-271,31.
S01: 9219,10380,-9812,-10,7,-10,-1015,-279,33.
S01: 9232,10422,-9855,6,-1,-5,-1023,-287,23.
S01: 9216,10321,-9896,2,-1,-9,-1031,-335,25.
S01: 9212,10350,-9820,0,5,0,-1039,-271,-5.
S01: 9234,10313,-9839,0,5,-4,-1103,-319,15.
S01: 9263,10445,-10003,-3,16,0,-1055,-263,37.
S01: 9220,10296,-9744,-1,7,-2,-1055,-287,3.
S01: 9319,10284,-9819,-3,13,-10,-1063,-271,11.
S01: 9220,10350,-9816,-4,4,-3,-1039,-295,17.
S01: 9277,10415,-9916,0,-1,-1,-1023,-295,-5.
S01: 9178,10384,-9804,0,-5,-13,-1023,-295,25.
S01: 9333,10456,-9915,5,9,-2,-1015,-263,15.
S01: 9254,10395,-9978,-3,3,-4,-1007,-279,45.
S01: 9180,10313,-9844,2,1,-6,-1031,-295,19.
S01: 9319,10320,-9816,3,8,-6,-1063,-271,11.
S01: 9137,10406,-9883,-1,6,-10,-999,-295,21.
S01: 9231,10355,-9922,-1,6,0,-1007,-311,17.
S01: 9306,10410,-9842,3,7,-2,-1079,-319,33.
S01: 9241,10387,-9882,-3,12,-7,-1039,-327,-7.
S01: 9175,10400,-9844,-9,11,0,-1007,-279,31.
S01: 9291,10386,-9913,-2,2,-1,-1015,-351,17.
S01: 9170,10439,-9907,0,13,4,-1007,-303,3.
S01: 9365,10262,-9731,-5,7,-4,-1023,-327,25.
S01: 9230,10282,-9899,3,8,-2,-1071,-271,21.
S01: 9204,10285,-9908,-8,7,-10,-1063,-271,39.
S01: 9194,10423,-9970,-5,9,-3,-1039,-263,35.
S01: 9332,10241,-9736,-8,10,-10,-1071,-303,17.
S01: 9141,10328,-9839,-2,25,0,-1023,-271,33.
S01: 9206,10305,-9750,-5,9,2,-1023,-303,23.
S01: 9357,10292,-10048,2,14,-6,-1039,-271,31.
S01: 9360,10293,-9846,-4,20,-5,-1071,-311,27.
S01: 9170,10297,-9962,-2,19,-7,-1023,-263,35.
S01: 9194,10513,-9757,-1,9,4,-1071,-311,23.
S01: 9282,10348,-9891,1,3,-10,-1031,-255,17.
S01: 9265,10389,-9914,-1,16,-4,-1031,-311,21.
S01: 9316,10386,-9879,0,6,-2,-1031,-327,21.
S01: 9236,10432,-9856,2,13,-8,-1031,-303,31.
S01: 9129,10396,-9947,0,7,-6,-1023,-319,9.
S01: 9323,10350,-9965,-6,11,-8,-1071,-271,11.
S01: 9242,10251,-9844,-7,11,-6,-1055,-311,23.
S01: 9298,10370,-10010,-3,5,-2,-1071,-287,19.
S01: 9191,10263,-9887,-2,7,-6,-1047,-311,-11.
S01: 9292,10380,-10028,-5,9,0,-1047,-271,23.
S01: 9190,10346,-9906,-6,11,0,-999,-311,23.
S01: 9136,10240,-9881,-10,8,-4,-1039,-295,23.
S01: 9184,10364,-9879,3,6,-9,-1055,-295,31.
S01: 9245,10436,-10118,6,17,-4,-1007,-303,35.
S01: 9342,10280,-9935,-4,7,-8,-1047,-279,21.
S01: 9287,10173,-10016,-2,16,-11,-1079,-287,25.
S01: 9295,10267,-9888,1,12,-8,-1039,-343,11.
S01: 9160,10336,-9951,-1,13,-4,-1047,-271,31.
S01: 9153,10378,-9895,-7,6,2,-1007,-271,3.
S01: 9410,10309,-10129,-5,13,-9,-1007,-303,29.
S01: 9178,10419,-9965,-1,17,-10,-983,-263,5.
S01: 9287,10431,-9908,3,8,-4,-1031,-287,11.
S01: 9330,10227,-9819,0,17,-10,-1055,-279,43.
S01: 9370,10383,-9782,-2,5,-1,-1063,-287,13.
S01: 9288,10309,-9841,4,18,-9,-1023,-311,13.
S01: 9329,10383,-9788,-3,7,-13,-1015,-279,7.
S01: 9255,10444,-9841,1,9,-1,-1007,-287,47.
S01: 9290,10505,-9896,-6,13,-11,-991,-279,19.
S01: 9330,10318,-9770,-6,10,-5,-1047,-327,21.
S01: 9191,10249,-10034,-7,11,-7,-1063,-303,35.
S01: 9256,10466,-9760,5,8,-5,-999,-295,21.
S01: 9301,10354,-9869,-6,12,-6,-1047,-279,19.
S01: 9237,10208,-9972,-9,16,-10,-1023,-295,21.
S01: 9392,10318,-9912,-1,16,-8,-1007,-287,31.
S01: 9320,10284,-9750,5,13,-7,-1079,-295,33.
S01: 9375,10372,-9926,-6,11,-3,-1055,-271,9.
S01: 9352,10237,-9967,-5,10,-2,-1031,-271,25.
S01: 9229,10278,-9872,7,9,1,-1071,-295,3.
S01: 9238,10396,-9969,-4,-7,-2,-1063,-287,29.
S01: 9260,10236,-10021,-7,13,-3,-1039,-303,11.
S01: 9282,10251,-10074,0,13,-5,-1063,-279,19.
S01: 9298,10397,-9748,0,8,-11,-1087,-303,25.
S01: 9270,10365,-10019,-3,14,-1,-1031,-319,19.
S01: 9216,10344,-9959,-1,9,-16,-1031,-311,23.
S01: 9470,10316,-10085,4,14,-7,-1031,-255,19.
S01: 9338,10388,-10016,-3,20,-8,-1071,-279,23.
S01: 9284,10425,-10018,-4,17,-11,-1015,-279,19.
S01: 9333,10169,-9980,3,-5,1,-1031,-319,19.
S01: 9334,10310,-9976,-8,19,-13,-1007,-319,43.
S01: 9128,10390,-9887,-1,13,-9,-1055,-335,5.
S01: 9370,10262,-9980,-2,24,-13,-1071,-303,17.
S01: 9248,10180,-9901,1,10,0,-1079,-287,-1.
S01: 9303,10372,-10139,4,9,-7,-1063,-287,9.
S01: 9245,10207,-9989,-2,18,-11,-1023,-279,47.
S01: 9151,10414,-9956,4,10,-8,-1007,-287,-5.
S01: 9375,10240,-10006,0,3,-9,-1063,-271,19.
S01: 9356,10430,-9945,-2,7,-14,-1063,-279,45.
S01: 9323,10274,-10043,-2,11,-6,-1031,-279,35.
S01: 9292,10278,-10035,1,3,-2,-1055,-303,5.
S01: 9301,10412,-10188,0,4,-10,-1079,-319,29.
S01: 9357,10259,-10103,0,3,-10,-1063,-279,19.
S01: 9238,10350,-9967,-1,10,-8,-1031,-287,25.
S01: 9287,10296,-10035,0,14,-1,-1007,-303,19.
S01: 9254,10316,-10067,0,10,-8,-1055,-287,19.
S01: 9320,10248,-10059,0,3,-5,-1087,-295,11.
S01: 9463,10322,-10037,-3,7,-10,-1079,-303,15.
S01: 9231,10287,-9944,-1,13,-11,-1023,-295,33.
S01: 9390,10244,-10147,-3,9,-4,-991,-303,21.
S01: 9507,10421,-10019,-4,10,-6,-1023,-263,19.
S01: 9170,10195,-10019,2,0,2,-1071,-271,45.
S01: 9292,10283,-9964,5,11,-3,-1055,-295,13.
S01: 9395,10078,-10044,-5,3,-2,-1063,-319,17.
S01: 9340,10292,-9890,2,6,-5,-1039,-287,33.
S01: 9319,10225,-10066,5,4,-3,-1015,-295,27.
S01: 9333,10265,-9848,4,19,-10,-1031,-311,17.
S01: 9328,10350,-9822,-2,8,-7,-1031,-295,39.
S01: 9266,10199,-9892,14,3,-8,-983,-303,27.
S01: 9267,10356,-9929,-5,-2,-4,-1063,-287,-5.
S01: 9258,10364,-9898,-3,2,3,-1015,-263,13.
S01: 9394,10284,-10157,-5,4,-4,-1023,-311,29.
S01: 9228,10303,-9947,1,10,-11,-1031,-303,27.
S01: 9187,10212,-10030,-6,8,-4,-1031,-319,25.
S01: 9298,10212,-9966,2,8,-8,-1031,-279,15.
S01: 9231,10162,-9940,-5,0,-1,-1063,-303,15.
S01: 9271,10326,-10156,5,10,-16,-1087,-319,11.
S01: 9192,10273,-9954,0,2,0,-1007,-271,15.
S01: 9248,10374,-9878,3,0,2,-1063,-247,27.
S01: 9123,10202,-10050,3,0,-4,-1007,-279,33.
S01: 9328,10420,-9971,1,9,-6,-1031,-295,33.
S01: 9198,10165,-10064,-1,-2,-2,-1047,-263,33.
S01: 9352,10278,-10092,1,4,0,-1111,-271,25.
S01: 9260,10185,-10041,-8,4,10,-1031,-327,29.
S01: 9243,10373,-10182,8,-8,1,-1007,-287,31.
S01: 9262,10362,-9997,6,3,-4,-1023,-279,31.
S01: 9338,10362,-10012,-7,0,-3,-1071,-295,15.
S01: 9540,10237,-10053,2,-2,-2,-1047,-279,3.
S01: 9317,10252,-9938,-1,4,-7,-1031,-311,27.
S01: 9286,10461,-9948,0,4,3,-1031,-279,3.
S01: 9395,10170,-10177,5,3,-5,-1031,-303,7.
S01: 9295,10307,-9848,-2,2,-7,-1047,-279,29.
S01: 9263,10399,-10148,6,-5,-1,-1103,-295,27.
S01: 9239,10301,-9925,5,4,-9,-1031,-271,25.
S01: 9337,10256,-10042,5,-3,-6,-1015,-303,31.
S01: 9398,10326,-10072,-3,4,-2,-1023,-319,-1.
S01: 9355,10271,-10025,-1,6,5,-1047,-271,11.
S01: 9295,10332,-10054,1,-6,0,-1031,-303,17.
S01: 9337,10271,-9964,0,6,-5,-1055,-311,7.
S01: 9235,10320,-9956,0,3,0,-1015,-287,27.
S01: 9406,10181,-10041,6,-3,-4,-1039,-271,25.
S01: 9456,10153,-10001,-1,1,-7,-1079,-263,27.
S01: 9239,10283,-10127,-1,-9,0,-1023,-311,19.
S01: 9352,10322,-10077,5,-10,7,-1039,-279,31.
S01: 9349,10284,-10036,-3,2,1,-1071,-271,31.
S01: 9256,10269,-9924,1,-10,3,-1015,-239,39.
S01: 9312,10317,-9959,4,-3,1,-1015,-287,33.
S01: 9367,10278,-10051,0,2,-2,-1063,-279,23.
S01: 9381,10331,-10129,7,-9,-4,-1031,-287,15.
S01: 9464,10174,-9942,-1,-4,-1,-1055,-311,29.
S01: 9342,10287,-10202,-8,-8,-5,-1039,-303,49.
S01: 9379,10305,-10043,-8,-9,-6,-1031,-319,7.
S01: 9367,10211,-10120,0,-9,2,-1055,-255,35.
S01: 9316,10339,-10033,0,-8,4,-1095,-279,37.
S01: 9266,10324,-10103,-4,10,-8,-1071,-311,19.
S01: 9258,10296,-10028,-1,-5,-3,-1023,-287,35.
S01: 9234,10274,-10021,-1,-3,-6,-1071,-287,29.
S01: 9342,10408,-10026,2,-6,-4,-1087,-295,11.
S01: 9256,10309,-10106,-1,-13,-1,-999,-295,37.
S01: 9381,10198,-10155,4,6,-2,-1031,-255,21.
S01: 9099,10222,-9974,13,-16,-4,-1087,-311,5.
S01: 9374,10282,-9860,6,1,-3,-1023,-279,21.
S01: 9307,10253,-9827,1,13,-7,-1031,-287,25.
S01: 9281,10231,-9855,6,-12,12,-1055,-287,5.
S01: 9385,10345,-9965,-3,0,-5,-999,-271,23.
S01: 9357,10298,-10069,-6,-16,-3,-1031,-311,7.
S01: 9297,10239,-9860,5,-17,8,-1047,-303,31.
S01: 9325,10342,-10092,4,0,-12,-1063,-271,-9.
S01: 9213,10331,-9944,7,-8,1,-1031,-295,51.
S01: 9370,10222,-10195,1,-3,7,-1015,-327,25.
S01: 9391,10342,-10114,7,-11,-2,-1079,-295,3.
S01: 9344,10343,-9980,2,-1,1,-1031,-279,11.
S01: 9265,10264,-10070,0,6,-6,-1007,-231,9.
S01: 9294,10372,-10100,-3,-9,-2,-999,-303,25.
S01: 9317,10185,-9919,-6,-9,2,-1039,-311,1.
S01: 9181,10425,-9892,-3,-8,6,-1023,-287,21.
S01: 9427,10303,-10048,1,-15,-1,-1055,-287,27.
S01: 9267,10355,-10023,6,-8,0,-1039,-295,23.
S01: 9411,10255,-10008,2,-9,3,-1039,-295,9.
S01: 9273,10237,-10054,1,-16,5,-1063,-335,19.
S01: 9259,10280,-10126,-2,-10,5,-1063,-311,25.
S01: 9146,10322,-10094,3,-15,2,-1071,-263,35.
S01: 9345,10324,-10122,-1,-8,3,-1055,-303,41.
S01: 9276,10311,-9865,5,-6,2,-1063,-279,25.
S01: 9355,10380,-9930,1,-10,1,-1095,-295,17.
S01: 9295,10292,-9920,2,-8,-2,-1007,-303,23.
S01: 9250,10274,-10071,-2,-10,2,-1031,-279,23.
S01: 9258,10272,-10047,0,-10,0,-1023,-311,21.
S01: 9335,10209,-10075,4,-7,-3,-1031,-311,23.
S01: 9239,10218,-9881,-3,-9,5,-1007,-319,25.
S01: 9397,10265,-10017,1,-20,8,-1047,-327,23.
S01: 9290,10290,-10082,1,-16,6,-1079,-343,9.
S01: 9372,10148,-9898,-3,-10,4,-1063,-303,23.
S01: 9328,10167,-10031,5,-10,-1,-1047,-327,39.
S01: 9376,10357,-10057,12,-15,-4,-1079,-295,17.
S01: 9394,10274,-10016,-2,-24,9,-1063,-271,57.
S01: 9183,10329,-10003,1,-20,3,-1079,-303,13.
S01: 9235,10328,-9972,-1,-13,3,-1087,-279,17.
S01: 9350,10300,-9975,0,-4,9,-1031,-247,11.
S01: 9322,10295,-9987,7,-20,12,-1023,-287,15.
S01: 9343,10218,-9857,5,-19,5,-1023,-327,9.
S01: 9333,10278,-9928,1,-10,-2,-1023,-255,19.
S01: 9310,10219,-9932,9,-17,10,-1063,-279,17.
S01: 9329,10278,-10127,5,-28,5,-1055,-287,43.
S01: 9319,10406,-9842,6,-16,11,-1039,-319,25.
S01: 9273,10259,-9871,10,-7,2,-1063,-303,25.
S01: 9331,10347,-9891,3,-17,2,-1063,-319,11.
S01: 9414,10204,-9987,7,-25,6,-991,-311,21.
S01: 9193,10413,-10120,5,-13,2,-1039,-327,37.
S01: 9335,10254,-10106,11,-17,1,-1079,-311,19.
S01: 9414,10333,-10008,-3,-16,10,-1071,-271,19.
S01: 9414,10199,-9910,6,-24,5,-1007,-303,15.
S01: 9183,10410,-10001,13,-25,5,-1023,-295,43.
S01: 9365,10279,-10004,-3,-21,2,-1047,-279,41.
S01: 9417,10238,-10065,3,-25,9,-1015,-287,25.
S01: 9338,10288,-9966,8,-21,3,-1079,-287,17.
S01: 9202,10279,-9911,11,-22,13,-1039,-303,7.
S01: 9386,10364,-10007,6,-21,6,-1071,-255,31.
S01: 9338,10326,-9982,0,-25,8,-1039,-295,9.
S01: 9242,10342,-9992,13,-16,6,-1031,-327,23.
S01: 9291,10326,-9966,2,-17,-2,-1063,-343,39.
S01: 9414,10340,-9811,3,-32,15,-1047,-319,7.
S01: 9235,10256,-9975,9,-21,6,-1039,-279,17.
S01: 9270,10377,-9898,7,-15,11,-1055,-303,7.
S01: 9145,10260,-9946,-1,-19,1,-1007,-279,17.
S01: 9225,10152,-9902,10,-19,8,-1071,-287,29.
S01: 9292,10322,-10070,6,-25,11,-1087,-279,21.
S01: 9211,10284,-9850,2,-22,-1,-1071,-319,17.
S01: 9361,10322,-9906,6,-22,5,-1015,-263,27.
S01: 9103,10382,-10071,4,-25,13,-1039,-271,21.
S01: 9221,10278,-9876,8,-28,6,-1039,-247,15.
S01: 9345,10301,-9870,-2,-20,11,-1007,-279,35.
S01: 9341,10202,-9852,3,-16,9,-1039,-279,23.
S01: 9304,10294,-9999,0,-26,0,-1103,-335,27.
S01: 9385,10167,-9919,3,-21,8,-1063,-287,27.
S01: 9307,10318,-9910,10,-19,11,-1023,-303,-7.
S01: 9253,10337,-9915,0,-22,5,-1047,-295,37.
S01: 9250,10221,-9944,0,-39,11,-1039,-303,31.
S01: 9267,10352,-9954,4,-30,15,-1055,-319,11.
S01: 9245,10472,-9954,3,-18,5,-1015,-303,19.
S01: 9178,10339,-9896,-1,-24,7,-1063,-271,19.
S01: 9267,10300,-9876,9,-27,7,-1047,-279,19.
S01: 9163,10421,-9940,1,-23,3,-1071,-287,29.
S01: 9304,10307,-10052,10,-30,6,-1063,-295,31.
S01: 9298,10321,-10007,5,-16,7,-1015,-271,33.
S01: 9388,10294,-9971,6,-21,6,-1047,-303,-3.
S01: 9351,10237,-9912,7,-26,15,-1055,-255,5.
S01: 9322,10420,-9962,-4,-15,10,-1095,-295,25.
S01: 9195,10274,-9998,8,-30,10,-1055,-303,15.
S01: 9262,10312,-9785,-3,-24,10,-1079,-303,17.
S01: 9390,10172,-10016,6,-18,10,-1007,-287,11.
S01: 9208,10293,-9871,7,-31,6,-1087,-279,17.
S01: 9380,10223,-10022,1,-24,8,-1007,-303,37.
S01: 9295,10290,-9889,5,-27,11,-1031,-271,-5.
S01: 9459,10313,-9879,5,-34,15,-1055,-255,45.
S01: 9281,10312,-9932,4,-30,11,-1007,-327,31.
S01: 9247,10362,-10032,-1,-32,8,-1055,-271,15.
S01: 9176,10211,-9825,5,-32,6,-1031,-303,41.
S01: 9299,10490,-9983,8,-32,13,-991,-287,-7.
S01: 9308,10287,-10089,6,-33,14,-1031,-311,49.
S01: 9277,10287,-9897,1,-26,5,-1063,-303,11.
S01: 9234,10351,-9798,5,-27,11,-999,-327,3.
S01: 9322,10210,-9942,-2,-29,15,-1039,-303,35.
S01: 9219,10278,-9887,7,-32,9,-1031,-303,23.
S01: 9243,10301,-9736,0,-33,4,-975,-271,13.
S01: 9275,10275,-9923,6,-23,10,-1007,-295,29.
S01: 9273,10316,-9795,-11,-33,7,-999,-303,23.
S01: 9255,10373,-10018,9,-28,8,-1015,-327,11.
S01: 9384,10280,-9976,5,-38,4,-1039,-295,41.
S01: 9149,10250,-9851,5,-20,8,-1111,-311,21.
S01: 9225,10356,-9956,12,-35,8,-1031,-279,25.
S01: 9379,10342,-9864,3,-42,4,-1031,-271,11.
S01: 9214,10382,-9976,7,-20,8,-1031,-303,27.
S01: 9164,10367,-9734,-3,-26,8,-1039,-311,19.
S01: 9124,10459,-9908,10,-36,8,-1071,-287,-15.
S01: 9323,10383,-9882,10,-30,11,-1039,-279,25.
S01: 9370,10258,-9908,4,-38,5,-1119,-303,59.
S01: 9368,10219,-9907,-2,-24,5,-1063,-263,37.
S01: 9185,10373,-9750,6,-28,16,-1007,-287,23.
S01: 9240,10337,-10124,7,-23,9,-1055,-335,3.
S01: 9283,10314,-9926,2,-29,6,-1055,-271,27.
S01: 9290,10309,-9784,8,-28,12,-1063,-335,27.
S01: 9178,10313,-9964,-5,-38,8,-1047,-303,27.
S01: 9234,10277,-9804,3,-30,9,-1007,-295,21.
S01: 9130,10270,-10033,3,-30,8,-1007,-303,13.
S01: 9220,10175,-9933,4,-25,14,-1039,-303,5.
S01: 9392,10242,-9783,17,-33,15,-1047,-295,37.
S01: 9206,10328,-9741,5,-37,14,-1007,-295,31.
S01: 9245,10243,-9781,5,-33,15,-1063,-295,21.
S01: 9318,10430,-9911,10,-40,12,-1023,-279,39.
S01: 9212,10436,-9761,2,-31,11,-1055,-255,11.
S01: 9167,10309,-9896,4,-36,12,-1087,-287,33.
S01: 9338,10271,-9814,5,-25,7,-1023,-295,25.
S01: 9208,10357,-9840,5,-25,1,-1055,-303,11.
S01: 9253,10302,-9876,8,-35,13,-1031,-311,43.
S01: 9299,10235,-9850,8,-27,8,-1047,-287,21.
S01: 9331,10299,-9863,6,-26,14,-1063,-279,7.
S01: 9395,10405,-10035,9,-20,8,-1063,-303,49.
S01: 9214,10312,-9901,3,-22,11,-1071,-327,-7.
S01: 9282,10341,-9728,5,-31,16,-1079,-319,25.
S01: 9417,10407,-9983,5,-33,9,-1071,-351,57.
S01: 9261,10356,-9918,5,-31,12,-1039,-311,27.
S01: 9146,10231,-10024,11,-29,23,-1079,-295,25.
S01: 9288,10361,-9840,-5,-30,16,-1055,-279,13.
S01: 9132,10298,-9685,1,-35,10,-1007,-295,9.
S01: 9342,10412,-9803,7,-32,11,-1047,-303,21.
S01: 9303,10303,-9782,2,-19,6,-1047,-295,19.
S01: 9271,10388,-9863,7,-30,16,-1039,-295,31.
S01: 9236,10237,-9741,1,-25,12,-1071,-319,23.
S01: 9213,10456,-9784,11,-28,9,-1023,-279,13.
S01: 9208,10256,-9784,10,-35,7,-1095,-239,15.
S01: 9103,10467,-9791,-8,-24,7,-1063,-311,25.
S01: 9312,10210,-9786,7,-27,7,-1055,-271,25.
S01: 9265,10163,-9904,-8,-30,6,-1007,-311,15.
S01: 9253,10346,-9931,-3,-22,7,-1031,-271,15.
S01: 9265,10343,-9838,1,-41,6,-1063,-311,19.
S01: 9242,10385,-9928,7,-23,12,-1055,-303,15.
S01: 9380,10246,-9946,1,-31,9,-1103,-263,35.
S01: 9201,10253,-9747,7,-32,17,-999,-311,37.
S01: 9106,10373,-9823,2,-32,15,-1063,-303,25.
S01: 9270,10398,-9826,-4,-30,8,-1103,-271,23.
S01: 9258,10390,-9946,13,-34,12,-1031,-319,31.
S01: 9195,10343,-9835,-3,-24,15,-1007,-303,23.
S01: 9227,10449,-9959,2,-20,8,-1055,-287,25.
S01: 9322,10401,-9836,6,-30,11,-1063,-287,31.
S01: 9271,10392,-9911,9,-23,9,-1063,-287,31.
S01: 9227,10344,-9857,4,-25,18,-1023,-311,37.
S01: 9328,10400,-9840,9,-22,9,-1023,-303,5.
S01: 9327,10264,-9606,1,-40,8,-1023,-303,9.
S01: 9164,10200,-9915,8,-23,8,-991,-287,27.
S01: 9274,10457,-9846,4,-22,5,-1039,-279,41.
S01: 9157,10309,-9797,0,-31,11,-1063,-287,21.
S01: 9258,10383,-9908,5,-16,11,-991,-319,5.
S01: 9290,10385,-9947,8,-24,-3,-1047,-279,23.
S01: 9217,10302,-9834,8,-24,11,-1039,-303,31.
S01: 9282,10397,-9931,2,-22,8,-1031,-311,37.
S01: 9197,10486,-9790,10,-27,8,-1047,-295,35.
S01: 9175,10341,-9848,4,-22,12,-1095,-311,33.
S01: 9410,10322,-9785,-4,-28,13,-1039,-303,1.
S01: 9012,10377,-9822,5,-33,9,-1063,-287,13.
S01: 9203,10322,-9860,3,-23,8,-1071,-279,23.
S01: 9333,10352,-9920,8,-34,14,-1103,-279,19.
S01: 9314,10431,-9787,2,-19,8,-1039,-287,27.
S01: 9164,10473,-9903,6,-27,10,-1047,-319,21.
S01: 9337,10326,-9915,2,-14,10,-1047,-303,27.
S01: 9194,10421,-9987,8,-11,6,-1063,-263,35.
S01: 9194,10317,-9718,9,-22,9,-1023,-279,27.
S01: 9218,10378,-9789,-3,-19,7,-1031,-295,29.
S01: 9185,10335,-9786,12,-18,15,-1095,-271,29.
S01: 9365,10323,-9985,2,-10,13,-1015,-311,3.
S01: 9280,10306,-9824,2,-18,14,-1007,-319,9.
S01: 9174,10392,-9787,1,-24,13,-1015,-311,25.
S01: 9248,10397,-9911,4,-12,5,-1079,-327,19.
S01: 9151,10359,-9788,9,-26,9,-1063,-311,23.
S01: 9174,10417,-9855,-3,-20,8,-1055,-271,11.
S01: 9311,10424,-9810,5,-25,10,-1079,-311,31.
S01: 9247,10366,-9952,0,-20,11,-1023,-303,17.
S01: 9240,10253,-9864,0,-25,8,-1095,-311,5.
S01: 9209,10324,-9773,5,-21,11,-1079,-287,27.
S01: 9281,10360,-9807,16,-30,18,-1063,-271,23.
S01: 9292,10249,-9736,5,-21,6,-999,-303,-1.
S01: 9300,10324,-9963,2,-13,-2,-1031,-295,-3.
S01: 9320,10316,-9767,-2,-9,9,-1055,-271,7.
S01: 9262,10291,-9736,0,-17,13,-1039,-263,9.
S01: 9137,10250,-9757,2,-18,4,-1087,-327,35.
S01: 9243,10272,-9767,1,-26,8,-1103,-271,13.
S01: 9181,10222,-9696,5,-19,12,-1103,-295,15.
S01: 9262,10455,-9891,3,-12,7,-1087,-327,45.
S01: 9053,10500,-9730,8,-16,6,-1055,-319,27.
S01: 9281,10422,-9760,1,-25,10,-1071,-279,29.
S01: 9251,10401,-9631,-1,-14,5,-1095,-287,27.
S01: 9277,10281,-9887,-1,-11,10,-1039,-287,23.
S01: 9239,10301,-9849,5,-20,10,-1031,-303,13.
S01: 9363,10384,-9820,0,-15,12,-1071,-335,-1.
S01: 9248,10253,-9880,0,-20,8,-1023,-287,33.
S01: 9190,10340,-9787,-3,-11,7,-1023,-327,9.
S01: 9197,10424,-9780,4,-17,-2,-1063,-287,31.
S01: 9342,10278,-9885,1,-17,11,-1007,-287,17.
S01: 9341,10256,-9860,5,-13,5,-1031,-223,33.
S01: 9188,10374,-9820,5,-15,6,-1063,-311,29.
S01: 9209,10342,-9828,4,-17,9,-999,-303,9.
S01: 9233,10441,-9768,-7,-14,0,-1047,-311,27.
S01: 9270,10387,-9795,8,-11,6,-1039,-263,29.
S01: 9352,10306,-9825,4,-17,12,-991,-255,-1.
S01: 9169,10340,-9800,0,-21,0,-1063,-287,25.
S01: 9264,10378,-9768,0,-18,4,-1063,-327,11.
S01: 9271,10468,-9806,8,-11,2,-1007,-255,11.
S01: 9190,10224,-9748,-3,-19,-10,-991,-311,23.
S01: 9268,10353,-9908,4,-17,8,-1031,-263,17.
S01: 9211,10255,-9827,4,-12,15,-1023,-271,31.
S01: 9303,10284,-9889,5,-4,1,-1023,-303,19.
S01: 9297,10321,-9736,8,-8,9,-999,-287,23.
S01: 9103,10369,-9782,4,-12,11,-1063,-311,29.
S01: 9245,10413,-9828,-5,-12,-3,-1095,-295,31.
S01: 9269,10363,-9820,3,-11,12,-1079,-255,45.
S01: 9243,10382,-9767,0,-17,3,-1047,-319,21.
S01: 9356,10285,-9927,5,-8,-1,-1039,-247,25.
S01: 9225,10486,-9819,-3,-7,4,-1015,-287,21.
S01: 9283,10338,-9906,7,-18,8,-1047,-279,29.
S01: 9281,10400,-9785,10,-10,2,-1087,-303,17.
S01: 9223,10380,-9785,-2,-7,5,-1031,-335,-11.
S01: 9200,10419,-9820,-2,-6,5,-1063,-279,37.
S01: 9401,10337,-9947,4,-11,-3,-1079,-303,35.
S01: 9204,10367,-9832,1,-8,6,-1007,-279,15.
S01: 9201,10424,-9775,2,-12,4,-1055,-287,37.
S01: 9248,10376,-9776,-5,-18,2,-1031,-319,27.
S01: 9194,10348,-9863,-2,-12,11,-1031,-303,21.
S01: 9141,10386,-9883,-1,-14,-2,-1023,-303,3.
S01: 9239,10460,-9806,3,-12,2,-1095,-263,25.
S01: 9186,10281,-9840,-3,-14,7,-1039,-327,45.
S01: 9231,10231,-9857,4,-5,0,-1055,-287,27.
S01: 9393,10347,-9955,2,-6,-2,-999,-279,39.
S01: 9237,10539,-9683,-1,-5,4,-1079,-287,7.
S01: 9290,10310,-9884,2,2,2,-1039,-287,7.
S01: 9330,10398,-9796,-3,-4,-4,-1087,-271,-5.
S01: 9402,10229,-9978,2,-8,2,-1007,-295,29.
S01: 9161,10486,-9749,7,-11,-2,-1023,-271,29.
S01: 9183,10429,-9983,5,-10,5,-1039,-279,37.
S01: 9159,10423,-9805,4,-17,0,-1071,-303,25.
S01: 9406,10240,-9748,2,-1,2,-1055,-263,5.
S01: 9169,10307,-9818,5,-10,9,-1039,-279,1.
S01: 9154,10465,-9827,1,1,2,-1023,-295,41.
S01: 9231,10366,-9737,2,-9,-3,-1047,-271,13.
S01: 9238,10369,-9821,-1,-6,4,-1039,-311,33.
S01: 9168,10416,-9878,2,-4,3,-1047,-287,47.
S01: 9201,10427,-9807,4,-7,-6,-975,-279,39.
S01: 9100,10294,-9888,2,-6,-1,-1007,-303,7.
S01: 9158,10439,-9817,-2,-6,3,-1039,-311,21.
S01: 9174,10443,-9795,1,-4,6,-1039,-271,19.
S01: 9274,10216,-9955,-4,-1,2,-1047,-295,25.
S01: 9361,10310,-9865,-3,0,6,-1007,-287,31.
S01: 9230,10299,-9832,-2,-12,4,-1031,-295,35.
S01: 9216,10315,-9966,-4,-4,-4,-1103,-295,13.
S01: 9113,10351,-9890,-1,1,4,-1055,-287,29.
S01: 9140,10344,-9820,-1,-1,-3,-1047,-295,9.
S01: 9289,10406,-9776,-10,-7,3,-1031,-279,37.
S01: 9256,10330,-9816,-8,4,3,-1055,-295,25.
S01: 9184,10441,-9901,10,0,7,-1055,-295,5.
S01: 9289,10333,-9720,3,-7,1,-1015,-303,19.
S01: 9189,10365,-9872,-1,-5,-1,-1071,-255,19.
S01: 9177,10383,-9905,4,-4,5,-1039,-279,27.
S01: 9392,10482,-9879,-2,0,2,-1055,-255,19.
S01: 9158,10427,-9785,-6,4,-2,-1063,-279,37.
S01: 9294,10239,-9828,-2,-7,2,-1055,-279,7.
S01: 9228,10451,-9700,5,4,-4,-1087,-287,33.
S01: 9327,10452,-9805,-4,5,0,-1063,-311,5.
S01: 9275,10316,-9682,-1,6,7,-1071,-263,23.
S01: 9242,10332,-9939,0,9,-3,-1063,-287,19.
S01: 9285,10431,-9777,-1,5,2,-1023,-279,19.
S01: 9249,10361,-9903,-3,12,2,-1063,-279,23.
S01: 9229,10398,-9880,-1,8,9,-1007,-303,33.
S01: 9314,10417,-9712,-2,-5,1,-999,-271,15.
S01: 9289,10329,-9857,-3,7,-2,-1055,-287,1.
S01: 9273,10286,-9912,-1,-3,-1,-991,-279,17.
S01: 9281,10397,-9813,-4,8,-2,-1087,-271,43.
S01: 9346,10413,-9808,-11,12,-9,-1047,-287,31.
S01: 9317,10403,-9911,3,-3,3,-1055,-311,19.
S01: 9186,10357,-10013,-3,-1,0,-1015,-287,23.
S01: 9125,10417,-9778,0,3,1,-1015,-287,27.
S01: 9212,10413,-9880,6,-3,6,-1079,-279,13.
S01: 9074,10280,-9963,2,4,3,-1031,-295,7.
S01: 9235,10414,-9857,0,7,-2,-1047,-287,23.
S01: 9190,10409,-9974,-1,-6,1,-1047,-287,17.
S01: 9248,10462,-10067,-3,-3,-5,-1047,-327,27.
S01: 9323,10425,-9956,-6,12,1,-1023,-311,21.
S01: 9160,10287,-9846,-3,5,4,-1055,-303,27.
S01: 9240,10453,-9887,5,-1,-2,-1079,-311,21.
S01: 9245,10275,-9976,4,15,-10,-1031,-303,21.
S01: 9307,10398,-9848,-1,7,-8,-1031,-295,13.
S01: 9258,10349,-9877,7,-1,-5,-1039,-295,11.
S01: 9321,10313,-9927,-2,6,-6,-1055,-319,15.
S01: 9273,10316,-9816,0,3,-9,-1047,-295,19.
S01: 9262,10410,-9911,0,9,-5,-1063,-263,17.
S01: 9176,10360,-9888,0,11,0,-1015,-271,49.
S01: 9333,10163,-9978,-6,6,-4,-1055,-247,23.
S01: 9197,10292,-9855,0,14,0,-1007,-319,31.
S01: 9328,10365,-9822,0,12,-6,-1063,-263,47.
S01: 9167,10310,-9882,-2,2,-7,-1039,-263,31.
S01: 9297,10394,-9864,-3,17,-10,-1007,-319,33.
S01: 9370,10380,-9782,3,-2,-1,-1055,-279,19.
S01: 9208,10351,-9964,-1,8,1,-1015,-239,33.
S01: 9366,10423,-9949,5,10,-9,-1047,-271,25.
S01: 9234,10359,-9875,-2,6,-1,-1079,-295,21.
S01: 9281,10322,-9783,-2,17,-2,-1103,-311,59.
S01: 9338,10439,-9848,0,9,0,-1055,-255,7.
S01: 9178,10393,-9888,6,4,-17,-991,-303,25.
S01: 9310,10340,-9982,-2,5,0,-1087,-279,31.
S01: 9425,10386,-9885,14,8,-5,-1031,-319,19.
S01: 9270,10378,-9740,-7,12,-9,-999,-319,31.
S01: 9177,10245,-9800,3,10,2,-1039,-271,1.
S01: 9286,10246,-9959,1,1,-7,-1079,-287,29.
S01: 9225,10378,-9899,5,-3,-8,-1031,-311,11.
S01: 9194,10396,-9914,5,5,-2,-1039,-271,21.
S01: 9364,10287,-10070,4,7,-3,-1023,-295,35.
S01: 9341,10352,-9951,4,17,-4,-1031,-263,13.
S01: 9308,10343,-9884,-12,8,-8,-1039,-287,1.
S01: 9212,10463,-9847,-2,4,-5,-1063,-287,31.
S01: 9330,10345,-9958,1,21,-8,-1103,-255,25.
S01: 9322,10331,-9939,0,-3,2,-1047,-255,27.
S01: 9259,10404,-9945,-1,15,-2,-1047,-295,7.
S01: 9360,10328,-9916,-5,14,-5,-1063,-263,5.
S01: 9288,10431,-9898,-6,6,-4,-1007,-319,23.
S01: 9250,10363,-9932,-5,3,-5,-1103,-295,19.
S01: 9308,10363,-10011,4,4,0,-1023,-255,17.
S01: 9386,10377,-9789,-7,9,1,-1055,-319,21.
S01: 9291,10303,-9983,1,-4,-5,-1079,-271,31.
S01: 9445,10314,-9958,-2,8,-2,-1071,-287,25.
S01: 9304,10367,-9899,4,8,-10,-1039,-311,27.
S01: 9331,10209,-10007,3,11,0,-1047,-327,13.
S01: 9293,10224,-9934,-1,18,-12,-999,-295,5.
S01: 9279,10244,-9823,-2,1,-5,-1047,-335,27.
S01: 9250,10262,-9837,2,7,0,-1063,-279,37.
S01: 9257,10268,-10043,1,17,-7,-1055,-303,21.
S01: 9230,10372,-9780,6,6,-7,-1031,-279,5.
S01: 9300,10262,-10021,2,11,-9,-1047,-271,53.
S01: 9299,10321,-10023,-1,9,-1,-1039,-263,25.
S01: 9320,10403,-10019,1,8,-8,-1023,-303,15.
S01: 9225,10391,-9952,-10,12,-3,-1063,-303,29.
S01: 9233,10280,-9875,5,4,-5,-1055,-255,9.
S01: 9338,10398,-9955,-6,6,-7,-1063,-311,21.
S01: 9229,10360,-9866,-6,10,-12,-1071,-303,3.
S01: 9258,10298,-9917,3,-1,-3,-1055,-287,13.
S01: 9250,10421,-9998,2,4,-6,-1039,-279,17.
S01: 9216,10271,-10076,-2,9,-5,-1095,-271,23.
S01: 9421,10343,-9971,0,4,-8,-1063,-311,21.
S01: 9121,10362,-10172,4,7,-5,-1071,-287,11.
S01: 9384,10339,-9915,6,10,2,-1071,-295,7.
S01: 9147,10318,-9966,-2,7,-5,-1047,-295,19.
S01: 9317,10139,-9964,-9,16,-5,-1055,-335,35.
S01: 9346,10449,-9983,-4,4,-2,-1039,-271,21.
S01: 9389,10278,-9891,2,3,2,-1047,-311,17.
S01: 9247,10314,-10076,3,1,-6,-999,-279,31.
S01: 9316,10325,-10015,-5,7,-3,-1023,-287,13.
S01: 9286,10313,-10035,7,2,1,-1015,-263,35.
S01: 9304,10325,-9995,1,10,-10,-1039,-279,15.
S01: 9398,10398,-9862,-4,-3,-9,-1023,-327,15.
S01: 9287,10283,-9939,-4,3,-1,-1031,-255,13.
S01: 9328,10332,-9947,2,13,-8,-1023,-271,19.
S01: 9390,10250,-10019,2,10,-8,-1055,-287,19.
S01: 9323,10265,-9979,-7,1,1,-1039,-287,43.
S01: 9284,10398,-10043,-3,3,-2,-1063,-287,27.
S01: 9380,10193,-9865,-3,4,-3,-1063,-295,11.
S01: 9240,10236,-10018,5,-2,0,-1079,-271,13.
S01: 9257,10332,-9956,2,7,2,-1047,-295,17.
S01: 9222,10208,-10003,-1,5,-1,-1047,-295,17.
S01: 9358,10438,-9902,-5,1,-6,-1015,-303,13.
S01: 9332,10262,-10005,1,-3,-4,-1079,-303,39.
S01: 9484,10222,-10174,-2,3,-4,-999,-311,17.
S01: 9294,10341,-10179,0,22,-18,-1007,-287,13.
S01: 9090,10321,-10047,1,24,-8,-1055,-279,5.
S01: 9274,10276,-9821,4,-13,1,-1039,-271,11.
S01: 9267,10225,-9972,1,-3,-5,-1055,-319,53.
S01: 9383,10210,-9846,-7,14,-4,-1071,-263,27.
S01: 9345,10329,-9991,3,8,4,-1055,-279,27.
S01: 9364,10280,-9980,0,2,-4,-1079,-311,19.
S01: 9318,10363,-9887,-7,-1,-8,-1079,-287,13.
S01: 9254,10202,-10050,-2,-9,-8,-1063,-335,23.
S01: 9123,10472,-10015,-3,14,-12,-1047,-295,35.
S01: 9294,10266,-9909,6,0,5,-1015,-287,37.
S01: 9323,10325,-9967,0,-1,-5,-1007,-295,27.
S01: 9122,10259,-9954,2,11,-2,-1039,-263,-1.
S01: 9352,10406,-9986,-2,-3,-2,-1047,-295,3.
S01: 9289,10225,-9951,5,-4,-3,-1071,-295,41.
S01: 9368,10241,-10011,1,9,-1,-1015,-311,43.
S01: 9220,10227,-9913,-2,-4,-5,-1031,-311,9.
S01: 9449,10363,-10086,0,0,-1,-1039,-279,15.
S01: 9247,10276,-10063,0,-2,-6,-1039,-295,5.
S01: 9370,10196,-9991,-5,7,-5,-1063,-271,33.
S01: 9295,10320,-10033,4,-4,2,-1023,-327,37.
S01: 9342,10326,-9988,1,5,-5,-1103,-279,21.
S01: 9273,10265,-9953,-4,8,-9,-1047,-279,23.
S01: 9335,10226,-10001,2,-1,3,-1071,-271,27.
S01: 9394,10168,-9999,-1,9,-2,-1087,-263,5.
S01: 9201,10208,-9886,0,-3,-6,-1039,-303,43.
S01: 9274,10353,-9971,9,-9,-4,-1031,-287,39.
S01: 9306,10338,-9901,6,-7,-1,-1047,-295,27.
S01: 9289,10359,-10053,6,-3,0,-1055,-263,7.
S01: 9175,10276,-10063,4,-3,-5,-1031,-255,43.
S01: 9330,10368,-9891,6,-9,2,-999,-303,5.
S01: 9159,10383,-10045,5,-1,-2,-1079,-263,23.
S01: 9258,10389,-9975,7,-2,-6,-1031,-287,21.
S01: 9230,10173,-9963,-5,-6,0,-1087,-271,21.
S01: 9318,10203,-10195,4,-9,2,-1047,-279,39.
S01: 9359,10284,-10022,0,6,1,-1007,-239,5.
S01: 9265,10245,-9860,2,-11,-1,-1055,-327,11.
S01: 9237,10243,-10028,-4,-2,0,-1031,-303,23.
S01: 9272,10277,-9917,-2,7,-7,-1039,-279,19.
S01: 9263,10170,-9884,-3,-9,-2,-1071,-287,13.
S01: 9315,10207,-9979,0,-1,-10,-1031,-287,7.
S01: 9272,10170,-9769,-5,10,-2,-1031,-287,29.
S01: 9209,10166,-10038,-10,-12,5,-1039,-295,29.
S01: 9300,10299,-10029,4,-2,0,-1063,-263,-3.
S01: 9237,10255,-9984,1,2,-9,-1015,-319,45.
S01: 9205,10251,-10026,2,3,-5,-1023,-295,39.
S01: 9255,10281,-10132,3,-1,2,-1047,-279,-1.
S01: 9273,10176,-10088,5,-4,1,-1079,-271,17.
S01: 9376,10167,-9872,-1,0,-1,-1031,-247,39.
S01: 9231,10312,-10022,8,-12,4,-1039,-303,13.
S01: 9436,10311,-9958,-3,7,7,-1055,-311,43.
S01: 9303,10196,-10042,5,-5,5,-1047,-271,31.
S01: 9345,10326,-10114,-1,-3,0,-1039,-311,21.
S01: 9354,10281,-10101,4,-5,0,-1031,-271,45.
S01: 9422,10293,-9979,-7,0,-5,-1047,-263,13.
S01: 9281,10306,-10087,8,0,-2,-1055,-311,27.
S01: 9228,10193,-10027,3,1,-4,-1087,-295,-11.
S01: 9100,10301,-10073,-1,8,1,-1047,-295,37.
S01: 9173,10278,-9983,9,-13,4,-1023,-311,31.
S01: 9299,10344,-10163,8,-8,4,-1055,-247,23.
S01: 9306,10281,-9947,2,-9,-6,-1047,-335,11.
S01: 9320,10340,-9939,3,-4,6,-1039,-295,31.
S01: 9370,10309,-10004,7,-17,-1,-1063,-271,17.
S01: 9323,10302,-9952,2,2,-1,-1047,-311,39.
S01: 9280,10242,-10014,4,-10,5,-1031,-263,21.
S01: 9251,10297,-9963,0,-11,0,-991,-327,-1.
S01: 9345,10287,-9991,-1,-5,-5,-999,-311,29.
S01: 9267,10336,-10046,2,-10,0,-1039,-271,23.
S01: 9195,10201,-9887,5,-19,3,-1047,-279,1.
S01: 9275,10322,-10190,-2,-10,1,-999,-303,25.
S01: 9303,10279,-9994,4,-3,-6,-1111,-295,13.
S01: 9384,10319,-10102,0,-22,6,-1047,-295,17.
S01: 9235,10355,-9888,5,-9,0,-1039,-279,25.
S01: 9282,10199,-9981,-4,-4,-4,-1015,-271,9.
S01: 9262,10234,-10108,4,-14,-3,-1063,-295,35.
S01: 9398,10380,-9966,6,-6,5,-1023,-311,13.
S01: 9319,10211,-10040,15,-4,-2,-1047,-303,21.
S01: 9361,10208,-10067,3,-14,5,-1015,-295,27.
S01: 9344,10305,-9940,7,-12,4,-983,-263,35.
S01: 9232,10386,-10090,3,-12,3,-1047,-343,33.
S01: 9283,10240,-10010,-3,-8,5,-1015,-319,21.
S01: 9361,10257,-10015,-6,-19,4,-1047,-303,15.
S01: 9412,10301,-9955,9,-18,9,-1071,-271,25.
S01: 9349,10316,-10151,4,-5,10,-1007,-287,9.
S01: 9188,10322,-9964,-2,-4,3,-1079,-263,25.
S01: 9287,10297,-9936,5,-13,10,-991,-303,29.
S01: 9386,10282,-10155,2,-11,4,-1063,-303,27.
S01: 9337,10232,-9919,-2,-7,6,-1015,-287,29.
S01: 9222,10261,-9995,0,-10,10,-1039,-303,1.
S01: 9315,10151,-9846,10,-19,13,-1015,-319,15.
S01: 9306,10295,-10066,9,-10,4,-1023,-287,39.
S01: 9193,10200,-9894,10,-12,2,-1039,-319,21.
S01: 9295,10232,-9880,2,-13,-5,-1063,-319,29.
S01: 9398,10288,-9947,1,-12,6,-1079,-287,21.
S01: 9308,10298,-9945,11,-14,-4,-1039,-303,-5.
S01: 9315,10375,-10010,4,-23,6,-1047,-287,31.
S01: 9217,10269,-9986,-6,-16,-2,-1047,-295,17.
S01: 9338,10214,-9940,1,-14,-2,-1071,-271,13.
S01: 9285,10305,-9854,5,-14,3,-1055,-303,29.
S01: 9337,10270,-9853,9,-3,-2,-1063,-319,21.
S01: 9179,10229,-9887,-1,-8,-2,-1079,-295,13.
S01: 9296,10243,-9991,-3,-23,10,-1039,-303,19.
S01: 9225,10423,-10006,9,-25,22,-1095,-319,25.
S01: 9353,10341,-9944,6,-16,2,-1047,-303,21.
S01: 9307,10224,-9978,-1,-5,6,-1031,-263,25.
S01: 9284,10275,-10007,-3,-20,8,-1055,-263,45.
S01: 9346,10246,-9923,8,-21,2,-1015,-279,33.
S01: 9388,10184,-10097,7,-17,5,-1047,-319,29.
S01: 9329,10222,-9941,2,-11,13,-1071,-327,45.
S01: 9354,10294,-10095,-4,-19,9,-1063,-279,33.
S01: 9415,10356,-10096,4,-14,2,-1047,-271,39.
S01: 9319,10285,-9984,5,-19,5,-1063,-303,13.
S01: 9234,10283,-9880,6,-17,7,-1055,-287,13.
S01: 9353,10331,-9962,1,-20,3,-1007,-295,21.
S01: 9314,10268,-9914,0,-12,0,-991,-311,47.
S01: 9261,10401,-10084,5,-21,5,-1039,-295,27.
S01: 9260,10253,-10130,9,-16,5,-1047,-311,27.
S01: 9278,10417,-10039,1,-12,2,-1063,-303,7.
S01: 9381,10293,-9967,5,-31,7,-983,-327,5.
S01: 9269,10216,-10095,-4,-20,7,-1055,-279,41.
S01: 9340,10356,-10008,3,-14,2,-1031,-271,27.
S01: 9268,10327,-10075,1,-20,8,-1063,-287,27.
S01: 9333,10241,-9960,5,-22,11,-1071,-303,27.
S01: 9145,10283,-9846,-4,-27,8,-1063,-239,7.
S01: 9160,10302,-9908,5,-19,8,-1063,-303,19.
S01: 9352,10205,-9995,6,-18,5,-1063,-295,27.
S01: 9409,10268,-10006,5,-28,-6,-991,-255,19.
S01: 9177,10205,-10016,2,-19,10,-1063,-327,29.
S01: 9220,10360,-9733,2,-19,8,-1055,-271,43.
S01: 9374,10265,-10006,8,-24,7,-1047,-263,19.
S01: 9302,10272,-10110,3,-28,0,-1031,-295,17.
S01: 9321,10255,-10011,3,-23,4,-975,-287,29.
S01: 9267,10313,-9851,2,-23,-3,-1055,-327,17.
S01: 9272,10333,-9991,4,-17,10,-1023,-287,53.
S01: 9183,10396,-9952,5,-28,6,-1047,-303,33.
S01: 9094,10237,-9861,7,-16,12,-1095,-319,43.
S01: 9235,10280,-9987,-2,-28,7,-1063,-359,29.
S01: 9319,10419,-10091,4,-31,5,-1031,-303,13.
S01: 9406,10311,-10087,4,-22,3,-1031,-303,27.
S01: 9380,10418,-9891,0,-25,2,-1055,-279,39.
S01: 9457,10262,-9946,4,-16,4,-1055,-319,39.
S01: 9337,10355,-9794,11,-29,7,-1063,-303,49.
S01: 9300,10235,-9987,9,-26,16,-1055,-295,19.
S01: 9360,10391,-10107,4,-17,11,-1031,-303,45.
S01: 9198,10412,-9850,1,-24,-2,-1031,-255,47.
S01: 9249,10292,-10063,5,-27,7,-1055,-279,7.
S01: 9238,10321,-9835,7,-29,12,-1055,-287,9.
S01: 9384,10352,-10112,10,-30,8,-1055,-295,29.
S01: 9327,10327,-10028,4,-24,5,-1063,-303,-11.
S01: 9352,10176,-10039,-1,-20,-3,-1039,-247,31.
S01: 9407,10375,-9971,3,-17,6,-1023,-303,29.
S01: 9350,10266,-9841,1,-20,9,-1063,-343,3.
S01: 9294,10224,-9947,6,-15,0,-1071,-279,3.
S01: 9307,10285,-9935,-5,-24,10,-1047,-271,31.