Cap: 909 738 862 854 918 1183 901 096 885 096 1259 918 885 
Cap: 909 738 862 854 918 1183 901 096 885 096 1259 918 885 
Cap: 909 738 862 854 918 1183 901 096 885 096 1259 918 901 
Cap: 909 738 862 854 918 1198 909 096 893 096 1213 909 944 
Cap: 909 773 862 854 918 1228 927 096 918 096 1259 918 1034 
Cap: 909 825 877 854 918 1228 992 096 935 096 1259 927 1142 
Cap: 944 877 918 847 927 1198 1091 096 954 096 1259 963 1228 
Cap: 893 909 935 854 918 1183 1104 096 972 096 1276 963 1228 
Cap: 954 935 944 854 927 1243 1156 096 992 096 1276 963 1243 
Cap: 954 918 944 854 918 1243 1156 096 982 096 1276 963 1276 
Cap: 963 909 901 854 918 1259 1104 096 963 096 1276 963 1228 
Cap: 954 877 862 854 927 1259 1104 096 954 096 1276 963 1276 
Cap: 963 885 862 854 918 1276 1116 096 893 096 1259 972 1243 
Cap: 954 893 862 854 927 1293 1156 096 885 096 1259 982 1198 
Cap: 963 918 862 854 927 1310 1183 096 885 096 1259 1023 1259 
Cap: 963 927 862 854 918 1198 1169 096 885 096 1259 1023 1276 
Cap: 963 963 862 854 927 1198 1142 096 885 096 1259 1023 1259 
Cap: 954 963 862 854 927 1198 1169 096 885 096 1276 1002 1259 
Cap: 954 982 862 869 927 1198 1198 096 885 096 1327 982 1276 
Cap: 944 1056 862 854 927 1198 1169 096 885 096 1445 972 1384 
Cap: 944 1091 862 854 927 1259 1198 096 885 096 1511 972 1424 
Cap: 944 1142 862 854 927 1364 1198 096 885 096 1488 963 1445 
Cap: 944 1129 862 854 927 1327 1213 096 992 096 1403 963 1445 
Cap: 944 1068 862 854 927 1293 1228 096 1013 096 1310 972 1403 
Cap: 944 963 927 854 927 1259 1183 096 1002 096 1310 972 1327 
Cap: 954 869 944 862 927 1259 1169 096 992 096 1310 992 1293 
Cap: 972 818 909 862 927 1259 1169 096 992 096 1293 1023 1228 
Cap: 972 744 893 862 927 1259 1116 096 972 096 1310 1091 1183 
Cap: 982 744 901 862 927 1293 1104 096 963 096 1310 1104 1156 
Cap: 982 744 927 862 927 1276 1091 096 972 096 1346 1129 1116 
Cap: 982 750 918 862 927 1276 1079 096 963 096 1384 1183 1045 
Cap: 982 779 927 862 927 1228 1068 096 963 096 1424 1228 1023 
Cap: 992 792 935 862 927 1243 1079 096 963 096 1445 1228 1034 
Cap: 992 812 944 862 927 1259 1116 096 963 096 1466 1228 1068 
Cap: 1002 854 982 862 927 1259 1169 096 963 096 1445 1198 1156 
Cap: 992 885 935 854 944 1310 1198 096 1002 096 1364 1129 1276 
Cap: 982 909 982 854 927 1327 1198 096 1013 096 1346 1079 1243 
Cap: 982 963 1013 854 927 1346 1183 096 1034 096 1310 1056 1327 
Cap: 992 963 1023 854 927 1327 1198 096 1045 096 1276 1034 1327 
Cap: 972 1079 1002 862 927 1276 1276 096 982 096 1403 1013 1424 
Cap: 972 1129 869 854 927 1198 1259 096 885 096 1384 1013 1445 
Cap: 963 1056 862 862 927 1198 1243 096 885 096 1310 1023 1327 
Cap: 963 1056 862 854 927 1198 1213 096 893 096 1310 1056 1293 
Cap: 963 1002 862 854 927 1198 1276 096 893 096 1346 1056 1327 
Cap: 972 1091 862 854 927 1198 1327 096 885 096 1424 1045 1424 
Cap: 963 1142 972 862 927 1327 1364 096 1034 096 1445 1023 1424 
Cap: 963 1056 992 869 918 1293 1243 096 1034 096 1293 1013 1310 
Cap: 963 901 982 847 927 1276 1243 096 1034 096 1276 1023 1276 
Cap: 972 885 918 854 927 1243 1169 096 992 096 1384 1142 1169 
Cap: 1002 805 877 862 927 1228 1129 096 972 096 1403 1228 1034 
Cap: 1002 767 885 854 927 1213 1045 096 954 096 1424 1276 972 
Cap: 1002 773 893 854 927 1243 1056 096 963 096 1445 1293 972 
Cap: 1002 779 893 862 927 1243 1079 096 972 096 1445 1293 982 
Cap: 1013 786 901 854 927 1259 1068 096 972 096 1445 1293 982 
Cap: 1013 786 901 854 927 1384 1079 096 982 096 1445 1293 982 
Cap: 1002 792 909 854 927 1293 1091 096 992 096 1445 1310 982 
Cap: 1013 805 901 862 927 1293 1116 096 1002 096 1466 1293 1023 
Cap: 1023 825 901 854 927 1310 1169 096 1002 096 1445 1228 1116 
Cap: 1013 877 954 862 927 1346 1228 096 1002 096 1445 1142 1259 
Cap: 1013 963 1002 854 935 1364 1259 096 1056 096 1293 1068 1424 
Cap: 1002 1104 972 854 927 1327 1276 096 972 096 1424 1023 1488 
Cap: 982 1142 862 854 927 1198 1259 096 893 096 1424 1013 1488 
Cap: 982 1129 862 854 927 1198 1259 096 893 096 1384 1023 1445 
Cap: 982 1056 862 862 927 1198 1293 096 893 096 1310 1045 1310 
Cap: 982 1023 862 854 927 1198 1259 096 893 096 1310 1056 1276 
Cap: 992 1023 862 854 927 1198 1276 096 885 096 1346 1079 1293 
Cap: 982 1068 862 854 927 1228 1327 096 885 096 1424 1056 1403 
Cap: 992 1116 862 862 927 1293 1384 096 893 096 1364 1045 1364 
Cap: 992 1013 909 862 927 1293 1276 096 963 096 1293 1034 1310 
Cap: 982 972 927 862 927 1276 1228 096 963 096 1293 1045 1310 
Cap: 982 944 927 854 927 1259 1213 096 963 096 1293 1045 1293 
Cap: 992 954 918 854 927 1276 1259 096 963 096 1293 1045 1327 
Cap: 992 1045 935 862 927 1310 1259 096 885 096 1293 1034 1276 
Cap: 992 1056 862 862 927 1310 1259 096 885 096 1293 1034 1293 
Cap: 1002 1068 862 862 927 1310 1243 096 893 096 1276 1056 1327 
Cap: 1023 893 862 854 927 1198 1228 096 885 096 1276 1156 1276 
Cap: 1034 825 862 854 927 1198 1198 096 893 096 1276 1169 1213 
Cap: 1034 750 862 854 927 1198 1142 096 869 096 1276 1198 1104 
Cap: 1034 750 862 862 927 1213 1079 096 893 096 1276 1243 1013 
Cap: 1002 750 862 854 927 1228 1002 096 893 096 1276 1104 954 
Cap: 954 750 862 854 927 1213 927 096 893 096 1259 972 893 
Cap: 918 750 862 854 927 1228 909 096 893 096 1276 927 893 
Cap: 918 750 862 862 927 1259 909 096 885 096 1259 927 893 
Cap: 918 750 862 862 927 1259 909 096 885 096 1276 927 893 
Cap: 918 750 862 854 927 1259 909 096 885 096 1276 927 893 
Cap: 1129 750 862 854 927 1293 935 096 893 096 1259 1068 1091 
Cap: 1142 750 862 854 927 1243 963 096 893 096 1276 1169 1183 
Cap: 1213 750 862 854 927 1198 944 096 885 096 1293 1183 1169 
Cap: 1310 750 862 862 927 1198 918 096 893 096 1276 1198 1156 
Cap: 1276 750 862 854 927 1198 918 096 885 096 1276 1243 1116 
Cap: 1310 744 862 854 918 1198 918 096 885 096 1276 1293 1104 
Cap: 1228 744 862 862 918 1198 918 096 885 096 1259 1213 1116 
Cap: 1243 750 862 862 927 1198 935 096 885 096 1259 1243 1243 
Cap: 1310 755 862 862 927 1198 944 096 885 096 1259 1259 1243 
Cap: 1293 812 862 862 927 1228 954 096 893 096 1276 1276 1276 
Cap: 1259 805 869 862 927 1276 944 096 893 096 1276 1213 1228 
Cap: 1228 773 869 862 927 1293 918 096 893 096 1276 1079 1156 
Cap: 1156 750 877 862 927 1259 909 096 893 096 1276 927 1091 
Cap: 1056 750 877 862 927 1259 909 096 893 096 1276 927 1023 
Cap: 972 750 877 862 927 1243 909 096 893 096 1276 927 972 
Cap: 944 744 877 862 927 1243 909 096 893 096 1259 927 963 
Cap: 935 744 877 862 918 1213 909 096 885 096 1259 927 935 
Cap: 935 744 877 854 927 1213 909 096 885 096 1259 927 893 
Cap: 918 744 862 854 927 1213 909 096 885 096 1276 927 893 
Cap: 918 744 862 854 927 1198 909 096 885 096 1276 927 893 
Cap: 918 744 862 854 927 1213 909 096 885 096 1276 927 877 
Cap: 918 744 862 854 927 1198 909 096 893 096 1276 927 893 
Cap: 918 744 869 854 927 1228 909 096 885 096 1310 927 893 
Cap: 909 869 862 854 909 1228 935 096 885 096 1445 927 1013 
Cap: 918 901 862 854 927 1228 918 096 885 096 1424 927 1002 
Cap: 918 1002 901 862 944 1213 918 096 1013 096 1511 927 1013 
Cap: 935 1034 909 862 954 1213 918 096 992 096 1511 927 982 
Cap: 918 1045 885 862 963 1213 918 096 972 096 1535 927 944 
Cap: 918 992 885 862 963 1243 918 096 954 096 1445 927 893 
Cap: 918 918 885 862 963 1198 918 096 944 096 1384 927 893 
Cap: 918 877 885 862 935 1213 918 096 901 096 1346 927 893 
Cap: 927 869 901 862 944 1213 909 096 901 096 1346 927 893 
Cap: 918 885 935 862 1002 1213 909 096 954 096 1364 927 885 
Cap: 918 877 893 862 1002 1213 909 096 944 096 1384 927 893 
Cap: 918 854 869 862 982 1198 909 096 918 096 1403 927 893 
Cap: 918 839 869 862 982 1213 909 096 909 096 1384 927 893 
Cap: 918 862 909 869 944 1213 918 096 893 096 1346 927 893 
Cap: 918 862 893 862 927 1213 918 096 893 096 1346 927 893 
Cap: 918 869 954 909 1068 1198 918 096 935 096 1327 927 893 
Cap: 918 825 901 927 1034 1213 918 096 893 096 1293 927 893 
Cap: 918 773 862 927 1002 1198 909 096 893 096 1293 927 893 
Cap: 918 750 862 901 982 1198 909 096 893 096 1327 927 893 
Cap: 918 750 862 901 972 1198 909 096 893 096 1384 927 893 
Cap: 918 786 1002 918 963 1346 918 096 893 096 1559 927 893 
Cap: 918 839 1056 862 963 1424 918 096 893 096 1535 927 893 
Cap: 927 862 1129 877 1034 1445 918 096 954 096 1559 927 901 
Cap: 918 885 1104 1034 1091 1403 918 096 944 096 1585 927 901 
Cap: 918 885 1034 1056 1068 1310 918 096 901 096 1535 927 901 
Cap: 918 832 982 1034 1129 1228 918 096 893 096 1403 927 893 
Cap: 918 779 935 963 1068 1213 909 096 893 096 1364 927 893 
Cap: 918 792 992 909 1013 1213 909 096 893 096 1466 927 893 
Cap: 918 818 963 877 982 1213 918 096 893 096 1535 927 893 
Cap: 918 798 869 862 935 1198 909 096 893 096 1403 927 893 
Cap: 918 779 862 862 927 1198 909 096 893 096 1310 927 893 
Cap: 918 755 862 862 927 1198 909 096 893 096 1276 927 893 
Cap: 918 755 862 862 901 1198 909 096 893 096 1276 927 893 
Cap: 918 750 862 854 927 1198 909 096 885 096 1276 927 893 
Cap: 918 750 862 862 927 1198 909 096 893 096 1276 927 893 
Cap: 918 893 869 862 927 1243 954 096 963 096 1276 935 1142 
Cap: 927 1002 893 862 927 1276 992 096 972 096 1276 935 1276 
Cap: 927 1056 935 862 927 1327 1116 096 982 096 1364 954 1327 
Cap: 935 1079 935 862 927 1327 1183 096 992 096 1403 963 1346 
Cap: 944 1091 927 862 935 1327 1169 096 992 096 1424 972 1364 
Cap: 935 1079 909 862 935 1327 1116 096 982 096 1424 963 1327 
Cap: 935 1079 893 862 927 1346 1013 096 982 096 1403 944 1327 
Cap: 927 1056 901 862 927 1346 982 096 982 096 1403 944 1310 
Cap: 927 1068 918 862 927 1346 1045 096 992 096 1364 963 1327 
Cap: 935 1068 927 862 935 1327 1169 096 1002 096 1310 1002 1346 
Cap: 954 1056 927 862 927 1259 1198 096 982 096 1293 1013 1364 
Cap: 972 944 893 862 927 1213 1156 096 909 096 1276 1045 1243 
Cap: 972 761 862 862 927 1198 963 096 893 096 1276 1013 1091 
Cap: 944 750 862 862 893 1198 909 096 893 096 1276 927 893 
Cap: 918 750 862 862 927 1228 909 096 893 096 1276 927 893 
Cap: 918 750 862 862 927 1243 909 096 885 096 1276 927 893 
Cap: 982 825 862 862 927 1310 918 096 885 096 1276 1045 1169 
Cap: 1045 818 862 862 927 1310 972 096 893 096 1276 1156 1183 
Cap: 1091 812 862 862 927 1346 1023 096 893 096 1276 1198 1198 
Cap: 1104 818 862 862 927 1346 1023 096 885 096 1213 1198 1243 
Cap: 1116 832 901 862 992 1310 982 096 1045 096 1276 1228 1243 
Cap: 1116 832 862 862 992 1276 918 096 1068 096 1276 1129 1169 
Cap: 1068 750 862 862 992 1259 909 096 1045 096 1276 1045 1013 
Cap: 1034 750 862 854 992 1213 909 096 1034 096 1276 992 901 
Cap: 992 750 862 862 972 1293 909 096 1056 096 1259 972 901 
Cap: 1002 825 862 862 992 1276 918 096 1023 096 1276 1013 1116 
Cap: 1002 825 862 862 944 1310 954 096 893 096 1276 1013 1129 
Cap: 1002 818 885 862 927 1364 1034 096 893 096 1310 1023 1156 
Cap: 1013 818 869 862 927 1346 1045 096 893 096 1327 1023 1169 
Cap: 1002 839 862 862 972 1384 1034 096 1034 096 1346 992 1183 
Cap: 992 847 862 877 992 1364 944 096 1056 096 1276 963 1104 
Cap: 982 786 862 862 992 1293 918 096 1056 096 1276 963 1045 
Cap: 982 750 862 862 992 1213 909 096 1034 096 1276 982 982 
Cap: 992 755 862 862 982 1213 954 096 1002 096 1276 972 1129 
Cap: 1002 832 862 862 935 1276 927 096 893 096 1276 972 1129 
Cap: 1023 832 869 862 927 1259 918 096 893 096 1276 992 1068 
Cap: 1045 773 862 862 927 1198 909 096 893 096 1276 1002 954 
Cap: 954 750 862 862 927 1129 909 096 893 096 1259 944 893 
Cap: 927 750 862 862 927 1198 909 096 893 096 1276 927 893 
Cap: 918 750 869 862 927 1198 909 096 893 096 1276 927 893 
Cap: 918 750 862 862 927 1198 909 096 893 096 1276 927 893 
Cap: 918 744 862 862 927 1198 909 096 893 096 1259 927 893 
Cap: 909 744 862 862 927 1198 909 096 893 096 1276 927 893 
Cap: 918 744 862 862 927 1198 909 096 893 096 1259 918 893 
Cap: 918 744 862 862 927 1198 909 096 893 096 1259 927 893 
Cap: 918 744 869 862 927 1198 909 096 893 096 1259 927 893 
Cap: 918 744 862 862 927 1198 909 096 893 096 1259 927 893 
Cap: 918 744 862 862 927 1198 909 096 893 096 1259 927 893 
Cap: 918 744 862 862 927 1198 927 096 893 096 1259 927 893 
Cap: 918 744 862 862 927 1198 909 096 893 096 1259 927 893 
Cap: 918 744 862 862 901 1198 909 096 901 096 1259 918 893 
Cap: 918 744 869 862 927 1198 901 096 885 096 1276 918 893 
Cap: 909 744 862 854 918 1198 909 096 885 096 1259 918 893 
Cap: 909 744 862 862 927 1198 909 096 893 096 1259 927 893 
Cap: 918 744 862 862 927 1198 909 096 893 096 1183 918 893 
Cap: 909 744 862 862 927 1198 909 096 885 096 1259 927 893 
Cap: 918 744 862 862 927 1198 909 096 893 096 1259 927 893 
Cap: 918 744 862 862 927 1198 909 096 885 096 1259 927 893 
Cap: 909 744 862 854 927 1213 909 096 893 096 1259 927 893 
Cap: 909 744 862 854 927 1198 909 096 885 096 1259 918 885 
Cap: 909 744 862 862 927 1198 909 096 885 096 1259 918 893 
Cap: 909 744 862 862 927 1198 909 096 893 096 1259 927 893 
Cap: 918 750 862 854 927 1198 909 096 893 096 1259 927 893 
Cap: 909 750 862 862 927 1198 909 096 893 096 1259 927 885 
Cap: 909 744 862 862 927 1213 909 096 893 096 1276 918 893 
Cap: 909 744 862 862 927 1198 918 096 893 096 1259 918 893 
Cap: 918 744 862 862 927 1198 909 096 893 096 1259 918 885 
Cap: 909 744 862 862 927 1198 909 096 893 096 1259 927 893 
Cap: 909 744 862 854 927 1198 909 096 885 096 1259 918 885 
Cap: 909 744 862 862 927 1198 909 096 893 096 1259 918 893 
Cap: 918 744 862 862 927 1198 909 096 885 096 1276 918 893 
Cap: 901 744 862 862 927 1198 909 096 885 096 1259 927 893 
Cap: 909 744 862 862 927 1183 909 096 885 096 1259 918 885 
Cap: 918 744 862 862 927 1198 909 096 885 096 1259 918 893 
