 885 
Cap: 909 738 862 854 918 1183 901 096 877 096 1243 918 885 
Cap: 909 738 862 854 918 1183 893 096 885 096 1259 918 885 
Cap: 909 738 862 854 918 1183 901 096 885 096 1259 918 885 
Cap: 909 738 862 854 918 1183 901 096 885 096 1259 918 877 
Cap: 901 738 862 854 918 1183 901 096 885 096 1259 909 877 
Cap: 901 738 862 854 927 1198 901 096 885 096 1243 909 877 
Cap: 901 738 862 854 927 1198 901 096 885 096 1243 909 877 
Cap: 901 738 862 862 918 1183 893 096 885 096 1243 918 885 
Cap: 909 738 862 854 918 1183 893 096 885 096 1259 918 885 
Cap: 909 738 862 854 918 1183 901 096 885 096 1276 918 885 
Cap: 909 738 862 854 918 1183 901 096 885 096 1259 918 877 
Cap: 901 738 854 854 918 1183 909 096 885 096 1243 909 877 
Cap: 901 738 862 854 927 1198 901 096 885 096 1243 909 877 
Cap: 901 738 862 854 927 1198 901 096 885 096 1243 909 877 
Cap: 901 738 862 854 918 1198 901 096 885 096 1243 909 885 
Cap: 909 738 862 854 918 1183 893 096 885 096 1259 918 885 
Cap: 909 738 862 854 918 1183 893 096 885 096 1259 918 885 
Cap: 909 738 862 847 927 1183 901 096 885 096 1259 918 877 
Cap: 901 738 862 854 918 1183 901 096 885 096 1259 909 877 
Cap: 901 738 862 854 918 1198 901 096 885 096 1243 909 877 
Cap: 901 738 862 854 927 1183 901 096 885 096 1243 909 877 
Cap: 901 738 862 854 918 1198 901 096 885 096 1243 909 885 
Cap: 909 738 862 854 918 1183 893 096 885 096 1259 918 885 
Cap: 909 738 862 854 918 1183 893 096 885 096 1259 918 885 
Cap: 909 738 862 854 918 1183 901 096 885 096 1259 918 885 
Cap: 909 738 862 854 918 1183 901 096 885 096 1259 909 877 
Cap: 901 738 862 854 918 1183 901 096 885 096 1243 909 877 
Cap: 901 738 862 854 918 1198 901 096 885 096 1243 909 877 
Cap: 901 738 862 854 918 1198 901 096 885 096 1243 909 885 
Cap: 909 738 877 862 918 1183 901 096 885 096 1243 918 893 
Cap: 909 738 862 854 918 1183 893 096 885 096 1259 918 885 
Cap: 909 738 862 854 918 1183 901 096 885 096 1259 918 885 
Cap: 909 738 862 854 918 1183 901 096 885 096 1259 909 877 
Cap: 901 738 862 854 918 1183 901 096 885 096 1259 909 877 
Cap: 901 733 862 854 918 1198 901 096 885 096 1243 909 877 
Cap: 901 738 862 854 927 1183 901 096 877 096 1243 909 877 
Cap: 901 738 862 854 918 1183 901 096 885 096 1243 918 885 
Cap: 909 738 862 854 918 1183 893 096 877 096 1259 918 885 
Cap: 909 738 862 854 918 1183 893 096 885 096 1259 918 885 
Cap: 909 744 862 854 918 1183 901 096 885 096 1259 918 877 
Cap: 901 738 862 854 901 1183 901 096 885 096 1259 909 877 
Cap: 901 733 862 854 918 1183 901 096 885 096 1243 909 877 
Cap: 901 738 862 854 918 1198 901 096 885 096 1243 909 877 
Cap: 901 738 862 854 918 1169 901 096 885 096 1243 918 885 
Cap: 909 738 862 854 918 1183 893 096 885 096 1259 918 885 
Cap: 909 738 862 854 918 1183 893 096 885 096 1259 918 877 
Cap: 909 738 862 854 918 1183 901 096 885 096 1259 918 885 
Cap: 901 738 862 854 918 1183 901 096 885 096 1259 909 877 
Cap: 901 738 862 854 918 1183 901 096 885 096 1243 909 877 
Cap: 901 738 862 854 918 1198 901 096 885 096 1243 909 877 
Cap: 901 738 862 854 935 1198 901 096 885 096 1243 909 885 
Cap: 909 738 862 862 918 1183 893 096 877 096 1243 918 885 
Cap: 909 738 862 854 918 1183 893 096 885 096 1259 918 885 
Cap: 909 738 862 854 918 1183 901 096 885 096 1259 909 885 
Cap: 901 738 862 854 918 1183 901 096 885 096 1259 909 877 
Cap: 901 738 854 854 918 1183 901 096 885 096 1259 909 877 
Cap: 901 738 862 854 918 1198 918 096 885 096 1243 909 877 
Cap: 901 738 862 854 927 1183 901 096 885 096 1243 909 877 
Cap: 909 738 862 854 918 1183 901 096 885 096 1243 918 885 
Cap: 909 738 854 854 918 1183 893 096 877 096 1259 918 885 
Cap: 909 738 862 854 918 1183 901 096 885 096 1259 918 885 
Cap: 909 738 862 854 918 1183 901 096 885 096 1259 909 877 
Cap: 901 738 854 854 918 1183 901 096 885 096 1259 909 877 
Cap: 901 738 862 854 918 1198 901 096 885 096 1243 909 877 
Cap: 901 738 862 854 918 1198 901 096 885 096 1243 909 877 
Cap: 901 738 862 854 918 1183 901 096 877 096 1243 918 885 
Cap: 909 738 862 854 918 1183 893 096 885 096 1243 918 885 
Cap: 909 738 862 854 918 1183 893 096 885 096 1259 918 885 
Cap: 909 738 862 854 918 1183 901 096 885 096 1243 909 877 
Cap: 901 738 862 854 918 1183 901 096 885 096 1259 909 877 
Cap: 901 733 862 854 918 1198 901 096 885 096 1243 909 877 
Cap: 901 738 862 854 927 1198 901 096 885 096 1243 909 877 
Cap: 901 738 862 854 909 1183 901 096 877 096 1243 909 877 
Cap: 909 738 862 854 918 1183 893 096 877 096 1259 918 885 
Cap: 909 738 862 854 918 1183 893 096 885 096 1259 918 885 
