S01: 7531,3819,-14897,34,-68,-9,-135,1,177.
S01: 7629,3785,-15146,-17,39,-45,-71,-31,191.
S01: 7299,3817,-14779,-10,56,-10,-87,17,193.
S01: 7508,3853,-14853,24,-44,28,-127,-7,177.
S01: 7260,3810,-14659,-12,50,-25,-47,-7,183.
S01: 7435,4019,-14836,17,-53,29,-103,-15,207.
S01: 7324,3793,-14916,-17,44,0,-135,-47,181.
S01: 7347,3827,-14746,2,13,10,-103,9,195.
S01: 7515,3792,-14924,14,0,10,-111,-55,181.
S01: 7389,3742,-14915,-17,23,-13,-111,-15,163.
S01: 7543,3823,-14971,9,-29,15,-111,-31,175.
S01: 7459,3849,-14943,-9,30,-22,-103,-7,173.
S01: 7330,3857,-14828,18,-13,7,-111,-23,179.
S01: 7391,3833,-15007,6,6,-8,-87,-7,173.
S01: 7452,3764,-14942,-14,27,-1,-95,-15,189.
S01: 7374,3848,-15028,14,-12,3,-47,1,189.
S01: 7577,3804,-14992,-3,22,-8,-71,1,191.
S01: 7410,3726,-14807,11,6,10,-119,-15,187.
S01: 7399,3762,-15017,1,13,-6,-103,1,183.
S01: 7496,3905,-14905,-6,9,1,-79,17,195.
S01: 7470,3847,-14876,10,-3,11,-79,-15,171.
S01: 7379,3731,-14883,-2,26,-4,-87,-55,163.
S01: 7466,3625,-14884,13,0,-5,-63,-39,169.
S01: 7518,3874,-15126,-1,18,-11,-87,1,177.
S01: 6034,3458,-14643,5,-17,-40,-95,-15,187.
S01: 8836,4893,-13963,139,-66,2,-135,-23,195.
S01: 7106,4074,-14113,-40,246,27,-95,-31,185.
S01: 7493,3928,-15118,-18,19,-48,-111,1,181.
S01: 7375,3596,-15313,95,-166,64,-55,25,189.
S01: 7454,3911,-14605,-67,181,-48,-111,-15,187.
S01: 7265,3523,-14912,80,-127,38,-71,1,179.
S01: 7149,4227,-15128,-5,-11,-2,-87,-31,197.
S01: 7545,3696,-14831,-1,23,23,-127,-7,163.
S01: 7421,3511,-15039,32,-19,6,-87,-55,183.
S01: 7435,3579,-14785,-8,20,-5,-127,-15,183.
S01: 7435,3716,-14886,-7,-13,20,-103,25,173.
S01: 7457,3781,-15078,8,-4,-4,-119,17,169.
S01: 7396,3624,-14749,4,9,-7,-87,-23,199.
S01: 7310,3794,-14880,6,-12,24,-127,-15,191.
S01: 7564,3680,-14915,5,8,-14,-87,-55,189.
S01: 7468,3713,-14803,5,-11,-4,-111,-7,195.
S01: 7512,3700,-15084,-1,2,4,-63,-47,197.
S01: 7427,3703,-14895,5,10,-13,-119,17,155.
S01: 7531,3723,-14830,11,1,-5,-63,-15,187.
S01: 7609,3658,-14811,5,7,-3,-103,-23,197.
S01: 7461,3651,-14879,5,0,1,-103,1,175.
S01: 7394,3739,-15113,1,0,-3,-111,-23,173.
S01: 7398,3649,-14884,-7,3,9,-71,1,201.
S01: 7557,3699,-14982,6,-2,-4,-103,-15,171.
S01: 7612,3649,-14923,3,3,0,-95,-7,175.
S01: 7381,3742,-14813,-4,1,-1,-87,-39,167.
S01: 7491,3729,-14985,4,10,-2,-103,-23,199.
S01: 7532,3714,-14939,10,4,0,-63,1,195.
S01: 7411,3660,-14868,-1,-6,2,-79,1,195.
S01: 7552,3698,-14741,0,-3,-3,-111,-15,177.
S01: 7615,3770,-14854,9,-6,-14,-95,-7,181.
S01: 7525,3676,-14868,-7,8,5,-79,25,175.
S01: 7577,3558,-14916,-3,0,-3,-95,17,195.
S01: 7444,3602,-14827,4,-1,-2,-103,9,199.
S01: 7388,3640,-14984,5,1,-2,-71,-39,187.
S01: 7430,3762,-15056,2,8,-7,-95,-31,191.
S01: 7527,3675,-15123,2,0,-1,-79,-39,197.
S01: 7452,3668,-14446,-33,7,-21,-87,-31,189.
S01: 7362,3769,-14827,22,-27,7,-103,-39,169.
S01: 7402,3548,-14975,-3,-22,0,-63,-47,171.
S01: 19664,5559,-12709,-170,154,1036,-71,-39,185.
S01: 7558,3260,-13733,409,-368,26,-103,-47,187.
S01: 14901,13018,-2008,1098,-811,-810,-87,17,187.
S01: 6691,3458,-20819,-892,340,852,-71,-47,175.
S01: 13683,4186,-19607,208,873,-1812,-143,-7,189.
S01: 8651,2636,-15258,-12,-439,146,-135,-23,193.
S01: 6913,4062,-14042,25,-23,-184,-87,-31,191.
S01: 5293,2663,-11434,-284,379,-274,-135,-7,183.
S01: 7033,4652,-15700,134,-727,185,-71,-23,189.
S01: 10043,3284,-18356,-46,372,40,-111,-23,203.
S01: 327,7364,-14326,-358,1133,-527,-103,-7,185.
S01: 26955,3681,-29454,-443,1552,3298,-79,-7,205.
S01: 10841,-351,-12845,343,-660,291,-95,-31,185.
S01: -2376,1613,-16136,235,-286,729,-119,-31,173.
S01: -1216,2964,11754,-758,4846,2961,-71,-103,193.
S01: 150,-5193,-22056,416,1829,312,-55,-79,169.
S01: 11466,-1253,-19844,1356,571,1490,-111,-167,189.
S01: 2632,-4349,-12132,408,-46,1636,-79,-119,169.
S01: 12301,-318,-11445,804,-253,637,-95,-183,157.
S01: 9711,-2480,-12064,802,1508,1833,-7,-151,151.
S01: 9014,-5690,-12500,751,-1201,274,-15,-103,173.
S01: 9865,-2657,-9067,695,639,875,-15,-103,159.
S01: 6821,-7933,-6276,580,-825,-291,-39,-63,151.
S01: 7556,-4866,-8211,1354,1744,706,1,-95,169.
S01: 9338,-7024,-13476,1194,-1147,-1228,-55,-31,143.
S01: 7113,-8420,-7582,403,1721,77,-47,-15,143.
S01: 20249,-2957,-5681,1988,779,-598,-15,41,157.
S01: 7948,-5417,-2504,1247,372,-158,-7,65,125.
S01: 6153,-5569,-8027,281,-494,-1364,-95,121,147.
S01: 15440,-3476,-14260,-481,726,-356,-119,113,157.
S01: 22847,-3884,12399,-536,-2065,-1040,-63,169,135.
S01: -446,4313,-9832,-1119,84,150,-87,113,147.
S01: 21761,-1428,-16475,1212,579,-137,-47,137,137.
S01: -180,-10620,-8394,519,1027,341,-63,137,127.
S01: 8864,-6951,-13344,-98,902,100,-31,153,125.
S01: 24283,-1512,-11059,512,1079,510,-111,169,145.
S01: 10226,-10675,-14741,-247,-577,-465,-119,193,151.
S01: 12829,-7555,-11997,65,-171,102,-95,169,129.
S01: 11236,-7518,-8158,334,248,801,-47,153,143.
S01: 2913,-8991,-10054,-657,-659,-1260,-47,161,127.
S01: 18898,-2316,-9566,-474,-460,-1090,-79,193,117.
S01: 3625,-4235,-1354,-1076,366,-582,-95,161,127.
S01: 16677,-928,-15972,-1451,-877,-1655,-111,145,139.
S01: 8295,-1789,-10971,-484,438,68,-143,161,157.
S01: 3738,-6236,-10726,-113,-361,-453,-159,177,149.
S01: 15253,450,-7346,218,1662,997,-183,145,139.
S01: 8787,-3946,-10425,-53,-549,-386,-207,121,139.
S01: 12024,-3823,-12611,99,-25,155,-143,137,145.
S01: 11824,-2933,-10493,-310,82,-162,-175,145,143.
S01: 10171,-2820,-12903,-84,187,132,-135,137,151.
S01: 12838,-2132,-12728,123,-31,46,-151,121,153.
S01: 14323,-2501,-11513,133,232,341,-143,145,135.
S01: 10580,-2894,-12398,180,1077,931,-143,145,163.
S01: 13569,-4214,-12612,276,-562,68,-127,161,157.
S01: 12399,-3604,-10020,247,244,1031,-151,145,127.
S01: 11718,-4892,-13565,597,-250,1056,-111,137,149.
S01: 8084,-5712,-13019,699,266,746,-135,105,111.
S01: 9175,-5026,478,-142,-800,-316,-95,105,133.
S01: 13716,-4074,-7859,35,820,462,-63,161,145.
S01: 7425,-7301,-10034,-122,253,-303,-55,121,125.
S01: 15819,-4791,-12622,574,774,394,-95,161,133.
S01: 6492,-9518,-8717,1059,525,1002,-103,121,133.
S01: 4127,-13204,-15309,1411,245,569,-79,153,155.
S01: 8522,-8379,-6326,1365,1115,694,-55,185,127.
S01: 10024,-6849,-4309,19,-362,-685,-31,121,101.
S01: 10096,-10437,-8275,183,367,-53,-87,201,119.
S01: 13731,-8570,-7222,536,208,382,-55,201,123.
S01: 9571,-10772,-6900,381,387,-63,-55,169,111.
S01: 11100,-10537,-6961,-36,345,34,-87,177,107.
S01: 10990,-11177,-8550,-403,-286,-475,-63,193,129.
S01: 13601,-8777,-5489,-162,-303,-136,-111,209,111.
S01: 9215,-11536,-5069,-67,157,65,-55,241,105.
S01: 15710,-8908,-7005,-92,-32,-300,-87,185,115.
S01: 7878,-10097,-5428,-88,-217,-679,-119,241,97.
S01: 14869,-8618,-7072,-182,120,-233,-103,233,119.
S01: 12725,-9506,-7320,127,-335,-321,-143,201,99.
S01: 12044,-6539,-7454,341,158,134,-127,225,121.
S01: 14167,-10178,-5015,697,538,296,-135,249,115.
S01: 12273,-12583,-5078,267,518,194,-135,241,145.
S01: 12322,-9060,-5038,-30,-55,-177,-119,265,99.
S01: 13064,-10904,-8380,114,18,5,-167,281,107.
S01: 10774,-8671,-3495,-143,-170,138,-135,233,85.
S01: 10598,-8208,-1164,-8,323,319,-127,257,99.
S01: 11936,-12409,-6437,-263,-371,51,-159,241,109.
S01: 10694,-7657,-3617,-423,-602,-803,-143,217,95.
S01: 28717,-26414,32767,-535,-4203,-574,-159,233,107.
S01: 12875,-10023,-9533,-1085,-1160,-430,-143,241,103.
S01: 6344,-7416,-18377,-2175,-1444,-1326,-143,233,119.
S01: 10182,-4876,-7213,-696,-85,514,-127,201,129.
S01: 11431,-6485,-10361,-966,-816,-996,-127,177,143.
S01: 11285,-3947,-10500,-1184,-526,-719,-175,209,135.
S01: 15554,-1370,-7810,-351,630,511,-127,161,131.
S01: 8321,-5554,-10375,-494,-685,-844,-143,137,147.
S01: 21096,-2871,-15682,-203,-403,-260,-151,137,139.
S01: 5706,-4949,-11164,-425,-245,-321,-119,129,145.
S01: 12978,-2587,-14661,-164,-970,-809,-151,121,159.
S01: 20538,-2659,-12131,-170,-539,-602,-175,129,143.
S01: 15485,307,-8067,-305,597,516,-183,177,139.
S01: 12246,-1782,-12400,-343,-35,36,-167,113,153.
S01: 11603,-1639,-11816,-66,519,545,-191,89,171.
S01: 17426,1087,-12119,136,-717,-131,-167,73,163.
S01: 12052,-1873,-10641,-49,547,1545,-215,121,153.
S01: 10609,-2649,-12213,170,436,1127,-135,89,145.
S01: 10132,-4455,-12605,222,-53,578,-95,57,183.
S01: 15014,-4031,-14414,752,509,777,-143,57,163.
S01: 8271,-5044,-8328,725,792,1380,-79,57,147.
S01: 13647,-6524,-11669,401,817,963,-103,89,143.
S01: 11180,-6819,-8705,290,181,667,-71,73,157.
S01: 13968,-6768,-10224,409,193,469,-31,81,153.
S01: 9856,-8511,-10540,355,241,470,-47,105,119.
S01: 11588,-9104,-11697,273,354,193,-87,113,125.
S01: 9747,-9320,-9206,415,120,-132,-79,137,147.
S01: 11972,-8658,-8339,404,278,61,-31,113,121.
S01: 12328,-9288,-9249,404,54,-49,-63,161,139.
S01: 9170,-9591,-7409,173,148,16,-47,105,121.
S01: 12269,-8923,-7120,228,292,227,-111,113,133.
S01: 12256,-9807,-8847,77,-259,-286,-71,145,135.
S01: 9638,-9672,-6609,198,425,269,-39,161,149.
S01: 13504,-9167,-8506,137,-123,-154,-47,145,127.
S01: 9733,-10220,-7018,150,65,-97,-55,185,129.
S01: 12168,-9359,-5558,-90,-91,-575,-95,185,135.
S01: 12510,-9407,-8730,167,-183,-423,-55,145,115.
S01: 12918,-9109,-6568,177,-358,-775,-111,177,145.
S01: 9877,-7835,-5411,-9,-61,-187,-135,201,141.
S01: 13211,-8827,-7753,-79,-458,-410,-103,161,127.
S01: 10443,-8006,-6433,-90,-107,-30,-127,185,97.
S01: 13890,-10303,-15021,-240,-861,-751,-135,217,115.
S01: 7454,-7718,-4979,-455,28,354,-135,193,113.
S01: 14902,-5625,-9446,-866,-1336,-720,-127,209,123.
S01: 10086,-3912,-6081,-488,-902,152,-119,201,133.
S01: 4851,-6059,-12896,-2309,-1576,-1417,-119,169,117.
S01: 15954,-3344,-9880,-874,-729,-617,-95,145,139.
S01: 11734,-4227,-16872,-1718,-877,-813,-143,145,153.
S01: 10033,-652,-14696,-1359,-1399,-1301,-103,105,149.
S01: 10103,3678,-13996,-111,-57,306,-71,65,181.
S01: 14641,6,-19252,1,2273,1687,-63,73,159.
S01: 5997,-2906,-15451,606,63,578,-95,41,157.
S01: 5803,-3274,-11297,1741,253,1531,-39,-7,173.
S01: 12821,-4909,-17645,1224,280,965,-87,-7,165.
S01: 6208,-6960,-10323,1720,1251,811,-87,25,179.
S01: 17301,-7381,-18305,1555,677,-517,-55,41,169.
S01: 11323,-8136,-6604,947,775,454,-71,97,143.
S01: 11161,-9318,-11289,-9,-377,-30,-127,145,121.
S01: 17076,-5535,-12598,252,675,1279,-55,145,127.
S01: 1297,-14655,-7006,274,218,938,-63,113,137.
S01: 18640,-7249,-12482,388,-558,188,-87,113,125.
S01: 3089,-13053,-7569,320,53,490,-15,73,91.
S01: 19783,-7051,-3971,546,-1768,-696,1,137,147.
S01: 7151,-9118,-5986,-109,1600,824,17,129,111.
S01: 10632,-10121,-5609,-158,-622,-640,-31,137,127.
S01: 12653,-12285,-11948,354,-318,404,-15,185,109.
S01: 7216,-11252,-6327,-119,-702,839,-63,129,121.
S01: 6105,-15241,-15760,100,-1315,403,17,97,125.
S01: 7268,-5850,3372,-153,-420,-469,17,105,131.
S01: 9399,-9070,-6800,691,-583,714,33,105,127.
S01: 5403,-13087,-10768,367,-216,353,97,145,105.
S01: 9258,-11543,-7365,686,-137,653,73,161,95.
S01: 6227,-12167,-9023,413,-468,229,81,169,101.
S01: 2607,-12624,-7768,811,-100,568,97,129,109.
S01: 4956,-10428,-4677,877,-631,795,145,137,77.
S01: 3864,-13602,-5760,441,-412,654,201,105,79.
S01: 9936,-11980,-8761,191,31,106,169,113,75.
S01: 786,-14203,-2609,-185,-396,-70,129,129,53.
S01: 2622,-14485,-7222,-488,-89,-211,201,73,41.
S01: 7854,-14789,-13432,-144,-91,-236,209,105,63.
S01: 5017,-13398,-8865,321,55,95,217,121,59.
S01: 4156,-14110,-4831,223,137,-44,201,105,79.
S01: 7354,-14164,-9930,-665,132,-51,217,105,41.
S01: 5547,-11341,-5361,148,336,107,225,73,55.
S01: -531,-14794,-5378,-959,525,-380,169,81,61.
S01: 4080,-15606,-4171,-2379,561,-2128,217,105,73.
S01: 11354,-12187,-15756,-1526,225,-1948,145,97,81.
S01: 6119,-7512,-7884,-2442,265,-922,73,129,89.
S01: 11197,-7289,-11283,-755,-904,-1383,81,161,113.
S01: 5227,-1965,-7384,-2428,326,-282,49,73,131.
S01: 13385,-5387,-17752,-736,-968,-919,57,65,155.
S01: 5085,-805,-13069,-1368,-28,-572,-31,121,125.
S01: 11704,-3265,-17357,-131,-783,-207,-7,73,141.
S01: 5678,-1356,-10808,-770,-77,16,-7,49,135.
S01: 13139,-3834,-22706,-178,-652,-139,-15,49,125.
S01: 5634,-1331,-10724,-519,633,666,17,17,145.
S01: 4826,-545,-14742,-441,-451,-240,25,-15,135.
S01: 9562,207,-13484,-214,494,621,25,-7,141.
S01: 7192,-1557,-16096,112,-341,-290,-31,-23,143.
S01: 13207,-1783,-16275,918,147,989,1,-23,167.
S01: 9797,-4093,-22231,1149,-373,772,-23,-15,157.
S01: 12414,-1747,-17038,1383,730,2114,25,-15,139.
S01: -10032,-2924,-11857,1702,708,2450,1,17,147.
S01: 2996,-12423,-16282,1879,-346,756,57,33,151.
S01: 6859,-6813,-8234,2121,-691,-141,49,-15,119.
S01: 1366,-11459,-6666,1443,-626,1066,129,65,127.
S01: 5843,-12275,-11605,228,-425,-381,49,33,119.
S01: 3720,-11517,-4699,-304,392,-108,105,33,119.
S01: 3661,-11696,-4907,-595,40,-413,137,105,115.
S01: 9037,-8813,-11922,221,390,-227,145,129,99.
S01: 2492,-11204,-5923,-950,350,-711,113,105,87.
S01: 7587,-9900,-8423,-791,-685,-1501,73,129,125.
S01: 10069,-4298,-4369,-2119,-1294,-1241,41,105,121.
S01: 12442,-5915,-16462,-1679,-815,-272,73,105,135.
S01: 7501,-3092,-14980,-1127,-327,110,9,49,137.
S01: 9763,-2635,-16177,-982,-937,-642,17,25,155.
S01: 13123,-4198,-24976,212,-594,1623,41,-31,161.
S01: 1900,-1605,-9244,-26,77,2078,49,1,119.
S01: 6140,-7759,-22955,1974,-906,1121,97,-31,137.
S01: 4471,-5137,-15706,1926,1056,2334,57,9,133.
S01: -1299,-8320,-4201,571,-452,-592,81,1,119.
S01: 12380,-6864,-17072,1376,301,593,89,-55,137.
S01: -3148,-11203,-7935,542,596,-689,121,41,137.
S01: 9350,-5984,-7769,-857,-338,-2446,121,17,129.
S01: 3923,-13725,-11577,-803,608,-1154,17,121,131.
S01: 9429,-2602,-1097,-1081,-949,-2047,9,49,127.
S01: 15925,-2040,-21462,-2170,-1493,-1325,-63,89,141.
S01: 7488,-1966,-13434,-30,302,2083,-23,49,137.
S01: -1908,-7091,-21657,-1175,-237,-289,1,41,141.
S01: 14604,-2922,-13908,583,-166,646,65,-15,129.
S01: 2152,-4620,-18552,942,253,1042,1,-47,117.
S01: 25312,314,-29416,1660,994,1847,105,-39,143.
S01: -6785,-13203,-8687,1444,790,557,73,-23,129.
S01: 13374,-8339,-5673,918,-593,-2045,129,9,155.
S01: 2254,-8054,-6363,-359,1207,-117,89,49,129.
S01: -3344,-8714,-3699,-1125,-1019,-2814,73,65,131.
S01: 25964,-1444,-15113,-355,-952,-885,57,65,131.
S01: 4337,-4525,-12350,-2679,435,599,17,129,117.
S01: 8355,-3732,-18158,-1220,-840,-291,17,121,135.
S01: 5616,-4393,-21174,-663,341,508,-31,33,151.
S01: 11795,513,-20898,-757,237,-124,49,1,161.
S01: 21544,-40,-15659,2125,-633,2489,49,9,139.
S01: -7634,-8504,-10627,513,-890,639,73,1,143.
S01: -1419,-8470,-9867,144,1717,-21,121,33,137.
S01: 8001,-3972,-12379,-644,-531,-2365,113,17,145.
S01: 15406,-1962,-9998,694,140,64,73,49,167.
S01: 4134,-10446,-16442,88,407,212,33,65,155.
S01: 8177,-5264,-11763,23,16,-944,17,49,131.
S01: 4282,-5114,-1669,-694,-623,-1392,33,49,117.
S01: 18663,-1810,-13080,-1627,419,-877,-23,89,123.
S01: 11188,-1373,-15295,-1170,5,279,-39,57,147.
S01: 8050,-465,-10390,43,-439,933,-15,65,161.
S01: 7173,-4200,-18532,-551,-232,510,-15,17,149.
S01: 13073,-1231,-15548,-211,-569,624,9,17,141.
S01: 4933,-1780,-10371,867,-418,1478,65,-31,137.
S01: 16817,-6041,-24487,1085,-226,2596,49,-23,145.
S01: 4261,-5543,-4796,1550,-493,1142,49,-31,149.
S01: -1922,-16266,-14495,1328,-769,607,113,1,115.
S01: -39,-6067,-2458,1999,917,282,49,25,143.
S01: 3672,-9699,-14252,979,484,-1039,89,33,117.
S01: 174,-11740,-6558,729,-331,-2427,121,57,121.
S01: 16320,-6609,-11932,-377,-216,-1297,17,105,109.
S01: 2960,-8413,-10891,-1439,-132,-892,9,153,111.
S01: 11297,-3957,-7279,-727,-622,-938,-31,129,141.
S01: 4573,-528,1148,-3184,-306,-1164,-31,161,123.
S01: 15743,-3274,-22554,-361,-271,911,-39,121,149.
S01: -32768,-18160,-755,-1229,-3559,2740,-71,97,139.
S01: 702,-7877,-19707,-680,198,721,-103,33,153.
S01: 13058,-1006,-7958,719,-83,1887,-71,-31,161.
S01: 14277,-5987,-10396,-1279,692,721,-55,-47,175.
S01: 14460,-992,-9415,1047,-544,2030,-47,-31,153.
S01: 7337,-7950,-13643,1501,-534,2844,-23,-95,179.
S01: 1595,-9279,-10783,-156,46,244,57,-39,151.
S01: 9396,-7769,-13994,119,192,-152,25,-55,161.
S01: 7648,-9120,-10688,149,135,539,81,-95,161.
S01: 7133,-8140,-17559,328,152,-72,49,-119,153.
S01: 11951,-4695,-5772,499,-460,-375,65,-47,139.
S01: 4706,-8254,-14349,380,-407,-219,73,-79,137.
S01: 8883,-10273,-6477,1360,-198,838,113,-47,181.
S01: 4844,-6339,-453,2600,100,1764,129,-15,159.
S01: 3251,-16524,-16400,-253,-441,664,121,-15,129.
S01: -1446,-14055,-12045,1200,495,-12,153,-23,103.
S01: 6959,-13327,-9963,927,-188,957,153,-7,139.
S01: 426,-13197,-15031,548,804,1470,129,-15,127.
S01: -32768,-16292,-1183,2852,-3329,-2385,241,-47,97.
S01: 25783,-6328,-3254,1321,166,-1058,225,-87,113.
S01: 4325,-18335,-14259,-542,365,-280,217,1,85.
S01: 10100,-11661,-5314,808,-58,-230,201,25,85.
S01: 5629,-13931,-6988,1318,-124,180,169,57,73.
S01: 5271,-14642,-6884,793,-106,-58,201,65,81.
S01: 6143,-11730,-2903,1625,368,-354,249,97,93.
S01: -3023,-15855,2041,-62,173,-666,177,65,89.
S01: 11971,-15565,-9447,555,-251,-1301,193,105,67.
S01: 10899,-15891,-5649,907,312,26,185,81,81.
S01: 4750,-12525,3844,1204,654,110,137,137,75.
S01: 10227,-11920,-6893,-206,-427,-665,145,137,79.
S01: 5364,-16148,-2447,-157,191,82,145,121,73.
S01: 5521,-13136,-4279,21,315,143,105,129,61.
S01: 14654,-15118,-4300,-453,-128,-109,129,137,69.
S01: 4767,-11325,-2657,-1034,-288,-454,97,185,79.
S01: 11332,-12877,-3486,-1616,83,228,97,169,97.
S01: 1750,-10420,-3189,-400,1052,245,113,137,85.
S01: 11353,-16950,-9708,-569,-1186,-1801,65,161,105.
S01: 11686,-11174,-3998,-431,1204,235,41,169,95.
S01: -478,-15438,-7684,-2281,-2075,-3257,-15,193,119.
S01: 26933,-4676,-7888,525,950,-1997,9,137,115.
S01: 3893,-13667,-3126,-116,-367,-1770,-119,185,115.
S01: 21487,-3611,-11879,222,389,-1009,-127,209,129.
S01: 10244,-9738,-2639,-147,-462,-621,-167,177,121.
S01: 18287,-6270,-8632,350,1183,248,-191,185,125.
S01: 19816,-3725,-17038,268,-1940,-1363,-191,161,119.
S01: 9306,-7159,-2723,2,477,832,-199,217,119.
S01: 20344,-4435,-4887,-76,203,-328,-247,201,137.
S01: 8637,-4521,-6009,-356,-124,-465,-175,185,141.
S01: 19590,-2598,-7191,1466,1500,-421,-255,217,137.
S01: 18250,-2082,-4286,-237,572,-1,-271,201,147.
S01: 12693,-4437,-2143,794,1406,-306,-279,257,111.
S01: 20668,-2234,-8018,108,3461,2096,-319,249,115.
S01: -8324,-8544,4745,1061,3468,3244,-351,305,127.
S01: 2673,-1638,5121,-754,5293,2869,-263,225,123.
S01: 17049,-15316,-6089,5485,-1345,11253,-215,265,101.
S01: 2316,-12625,2580,3004,2949,5907,-31,233,101.
S01: -4797,-7834,8817,805,1083,5270,145,129,75.
S01: -12779,-3719,8264,2346,3884,5081,281,-7,61.
S01: -10289,-3171,-5884,3783,4895,5244,393,-135,97.
S01: -26464,-3666,9676,3201,3320,2767,313,-367,145.
S01: -23927,-1656,-2465,3031,1386,1780,281,-415,141.
S01: -7947,-520,2655,1859,784,547,185,-391,155.
S01: -18129,1622,2109,1036,-277,68,201,-327,185.
S01: -17314,2784,1479,339,-923,-254,145,-223,205.
S01: -18116,1487,9607,406,-1542,-640,121,-215,173.
S01: -16059,-1861,-1492,372,-3951,-4055,161,-183,175.
S01: -13489,-2345,8795,842,-3061,-1699,209,-47,161.
S01: 8392,5659,10275,2000,-6608,-2694,193,9,125.
S01: 6087,-11831,21602,293,-3371,543,217,25,83.
S01: -7296,-2924,13659,928,-3241,-125,169,81,55.
S01: 3487,-7593,13133,1576,-1597,104,161,105,11.
S01: 3722,-2757,18936,-496,-2327,780,121,137,-23.
S01: 5336,-999,18624,-466,-1053,-739,169,81,-27.
S01: 6984,-5607,19991,258,-1082,-288,153,65,-47.
S01: 9152,-1630,18763,-1515,-403,-1730,105,89,-61.
S01: 6942,-7999,19417,-68,-1356,323,105,145,-57.
S01: 8761,-3715,13801,-573,432,-1077,81,193,-27.
S01: 10025,-7488,13437,-431,-243,-803,33,169,-49.
S01: 32767,-32768,-32768,-1991,-1338,-3562,-31,233,-29.
S01: 9958,-5102,11919,13,244,-218,-63,289,-23.
S01: 11233,-7235,15519,-6,1045,-734,-207,289,-7.
S01: 10216,-6970,6089,-847,-253,1124,-183,273,-13.
S01: 20109,-8865,13686,-767,4933,-2347,-207,313,-19.
S01: 14797,-5876,22828,-1121,1756,-353,-191,281,-3.
S01: 5932,-7744,8707,-1415,2467,-1386,-183,297,15.
S01: 8332,-4084,26627,-1854,2201,-77,-263,353,31.
S01: 14379,-12954,12459,-2037,-2329,2731,-263,313,27.
S01: 10659,-13258,-6704,1432,-2722,-1137,-207,345,41.
S01: 2534,-3030,9255,2129,-7851,2618,-143,321,65.
S01: 7009,-10837,13508,1184,1937,2550,-223,369,55.
S01: 4941,-10444,9979,-650,3293,-946,1,273,31.
S01: 2493,-10006,10863,-720,4276,272,1,265,37.
S01: 478,-10960,10862,-2608,7349,-447,-39,297,31.
S01: -3216,-13804,9209,-1592,9183,-436,-63,289,101.
S01: -6191,-12823,2938,-2335,12740,557,-135,257,117.
S01: -7795,-13985,-1767,-2098,6020,-635,-311,225,133.
S01: -6827,-13291,-4752,-696,1416,-276,-567,169,147.
S01: -5139,-13918,-6647,-1255,3004,-639,-791,97,149.
S01: -2432,-15032,-6838,-624,1010,-579,-759,81,133.
S01: -3810,-13491,-6715,148,-241,-258,-871,81,119.
S01: -4168,-13861,-6058,28,150,-291,-839,17,109.
S01: -3524,-14085,-6897,-62,-2118,-131,-823,17,131.
S01: -5078,-13645,-5879,413,-2910,233,-871,41,99.
S01: -8384,-14457,-1795,986,-14319,216,-847,57,129.
S01: -7631,-12494,2623,262,-8701,1419,-591,65,163.
S01: -7082,-12803,6006,390,-5058,970,-159,65,171.
S01: -5472,-12503,8621,512,-5816,921,41,49,157.
S01: -3679,-11081,10485,387,-4016,866,113,81,121.
S01: -2236,-11463,10194,329,-2593,684,297,9,85.
S01: -697,-11020,12328,334,-3180,683,313,25,31.
S01: 947,-10968,12527,249,-1917,811,329,1,25.
S01: 1608,-10960,12291,159,-1927,682,353,-47,37.
S01: 2637,-11200,13142,233,-3017,638,353,-39,-25.
S01: 3737,-10571,13193,138,-1315,449,329,-95,-31.
S01: 4264,-10707,13495,101,-814,381,329,-143,-71.
S01: 3702,-10723,13560,-28,-263,306,257,-111,-83.
S01: 4429,-10896,13371,-67,-137,87,297,-143,-57.
S01: 4425,-10919,14374,-631,1716,-967,305,-151,-71.
S01: 1596,-11295,12771,-1376,8263,-1773,313,-175,-77.
S01: -1658,-11220,9463,-890,8334,-1842,329,-39,-3.
S01: -3055,-12577,8508,-352,3858,-994,289,1,57.
S01: -6298,-13440,7113,-277,4367,-651,185,17,105.
S01: -6504,-13654,4319,-317,9007,-951,185,65,133.
S01: -7631,-14266,1680,-111,10683,-165,-95,105,151.
S01: -5847,-13918,-2950,-332,4489,-421,-367,65,185.
S01: -5562,-13857,-5325,-339,1146,-125,-639,57,165.
S01: -6050,-14144,-6220,-335,2251,-145,-695,41,163.
S01: -5406,-14044,-5266,71,-407,70,-775,17,147.
S01: -6149,-14386,-5489,-59,-3110,576,-799,-7,123.
S01: -7425,-14612,-3867,4,-3920,319,-743,57,149.
S01: -6814,-13867,188,234,-14836,603,-631,33,157.
S01: -5986,-12818,5615,730,-11808,1572,-351,81,161.
S01: -2395,-12008,10399,1034,-9432,1561,-7,89,159.
S01: 453,-10920,11631,575,-4563,701,177,33,83.
S01: 1967,-10926,11457,-50,-67,7,289,-39,3.
S01: 652,-12509,11392,-453,1896,-792,337,-31,-21.
S01: 1609,-11312,11567,-1406,6315,-2158,273,-7,-7.
S01: -3857,-13096,6859,-1388,18302,-1446,329,9,15.
S01: -6842,-13512,1551,-801,13982,733,97,73,145.
S01: -8829,-12192,-3460,-520,3909,1045,-223,105,169.
S01: -9084,-12465,-5734,-1083,499,2,-471,73,159.
S01: -9017,-13330,13,-1777,-372,277,-583,33,151.
S01: -9916,-11409,-5328,-2672,-1541,495,-607,-15,177.
S01: -9257,-8864,-8496,-3051,-1009,1229,-575,-71,187.
S01: -10854,-7668,-13212,-2638,4013,1577,-511,-119,211.
S01: -7280,-4023,-13343,-2384,3716,1548,-519,-351,219.
S01: -5810,-2564,-14455,-1328,2432,717,-639,-343,193.
S01: -4966,-4119,-14840,-1407,2336,552,-775,-399,157.
S01: -3005,-966,-16075,-741,1120,15,-799,-391,175.
S01: -3316,-1188,-16551,-293,-152,-80,-911,-455,153.
S01: -2798,-745,-15995,-248,-393,-91,-903,-503,157.
S01: -2012,1377,-16447,-152,304,96,-935,-487,157.
S01: -3121,-971,-16246,-136,511,286,-919,-423,183.
S01: -2687,-842,-16087,-72,-341,9,-943,-487,135.
S01: -2513,130,-17284,-155,-407,71,-935,-479,165.
S01: -3027,1132,-16802,200,-1730,-582,-903,-479,147.
S01: -5654,-355,-17282,435,-3137,-2092,-943,-471,147.
S01: -9165,-2822,-14325,551,-3556,-1180,-783,-543,179.
S01: -10997,-5894,-13063,1150,-3489,-2194,-679,-543,183.
S01: -8412,-2795,-7760,1297,-5394,-2263,-551,-527,231.
S01: -14935,-10999,-6071,1714,-2516,-2173,-239,-415,229.
S01: -9164,-7969,-470,600,-5973,-1577,-127,-431,191.
S01: -12605,-13022,1729,1108,-4363,-777,17,-327,189.
S01: -10319,-9242,4098,568,-3502,-2109,97,-279,185.
S01: -6855,-12390,7747,-344,-5385,-3400,289,-151,123.
S01: -1659,-13612,6884,-2402,-1058,-4958,361,-103,83.
S01: -8594,2613,11126,-2579,-2446,-4945,265,1,83.
S01: 3790,-14462,2653,-2178,9,-3931,177,73,87.
S01: 13847,-12597,2198,-948,-1095,-3420,81,201,81.
S01: 11107,-11129,738,-158,-802,-1394,-47,233,91.
S01: 10340,-9064,2480,-1808,703,-4580,-103,313,95.
S01: 14539,-12341,-245,-994,-2059,-3120,-175,281,101.
S01: 18143,-5988,-2707,-389,-1041,-1317,-367,297,89.
S01: 17286,-3385,-2864,-459,-1640,-461,-375,281,115.
S01: 13946,-2656,-4298,-1372,-1856,-980,-375,217,125.
S01: 16678,-3342,-6262,-825,-1235,-76,-383,225,115.
S01: 15085,-2961,-8137,-82,-1548,1066,-399,225,131.
S01: 14950,-3649,-9175,-255,115,379,-295,217,161.
S01: 13856,-4638,-7894,1644,1392,873,-311,169,131.
S01: 15177,-5366,-6842,508,165,156,-327,209,129.
S01: 15870,-8280,-6441,1575,684,603,-303,225,117.
S01: 16374,-4679,-6802,1921,1790,1749,-255,249,153.
S01: 32767,17250,-32768,5797,7572,8148,-287,297,97.
S01: 15055,-9572,-3610,1965,1869,2274,-159,289,107.
S01: 16259,-10428,3942,1670,2957,2119,-135,321,79.
S01: 13682,-11900,1802,974,2864,1791,-111,305,73.
S01: 7477,-13243,6895,1480,799,4871,-87,305,81.
S01: 1442,-15221,8548,2593,531,6020,41,233,69.
S01: -1529,-12810,9953,2751,627,4544,209,137,61.
S01: -5351,-9273,12687,2252,909,2471,273,33,43.
S01: -6164,-8847,13385,1301,1155,1514,369,-71,31.
S01: -4919,-6561,11276,999,2256,2157,393,-215,57.
S01: -11042,-5937,10297,1055,1437,2141,377,-247,69.
S01: -10941,-3885,8977,771,960,1164,417,-327,99.
S01: -12361,-3226,9829,704,796,917,353,-423,127.
S01: -12207,-2632,9400,1743,350,1277,345,-447,113.
S01: -14589,-410,8946,1397,550,787,345,-399,101.
S01: -13286,72,8788,1658,418,729,313,-455,131.
S01: -13360,1344,10527,3283,464,1095,353,-447,153.
S01: -14395,4661,9162,2508,1769,807,249,-431,127.
S01: -14560,5503,6270,502,534,351,281,-359,171.
S01: -13205,3502,4809,183,774,-235,233,-351,147.
S01: -17677,5702,2631,19,383,-34,201,-303,163.
S01: -13548,5236,4094,-421,407,874,137,-279,165.
S01: -12066,7187,4497,-761,631,195,161,-319,171.
S01: -16971,4482,1799,-253,769,-83,201,-295,181.
S01: -15209,5973,685,-369,395,445,137,-351,179.
S01: -13244,6556,3970,-523,-350,-54,73,-415,201.
S01: -17099,8867,5352,-775,-339,-214,65,-383,205.
S01: -12564,2878,2228,-1629,-261,-845,137,-423,183.
S01: -17053,1686,2220,-1708,391,-1371,145,-479,181.
S01: -11682,2930,-7011,-1603,2067,-2883,105,-503,179.
S01: -13728,-1284,42,-836,-20,-1691,113,-551,181.
S01: -15544,-2075,1344,-16,-566,-258,153,-519,185.
S01: -20779,-2186,-11052,-1433,3381,-4252,105,-487,193.
S01: -9673,-1381,-8654,-2364,-213,-5225,201,-471,155.
S01: -12390,-9177,3014,-335,-1326,-3215,145,-407,169.
S01: -11221,-11800,2080,774,3426,-6047,201,-279,143.
S01: -7178,-13405,1631,407,3405,-4338,185,-159,159.
S01: -4953,-12652,527,763,3457,-1726,41,-87,155.
S01: -1467,-16265,2006,-728,5834,-1535,-135,-7,167.
S01: -2766,-16062,14,109,2590,-884,-343,1,173.
S01: -4707,-15838,-1172,228,3278,-826,-543,17,167.
S01: -2300,-17550,470,202,1513,-41,-575,17,175.
S01: 5609,-16194,-1918,33,1797,-195,-695,9,147.
S01: -1841,-15628,-47,37,349,247,-703,-15,137.
S01: -2355,-15006,-624,-1516,-258,539,-735,-7,127.
S01: -2224,-16715,-2923,-914,-1199,1353,-767,-15,141.
S01: 541,-13718,-4637,3038,-11108,3687,-687,-23,153.
S01: -2140,-15358,5468,735,-11686,-614,-551,9,137.
S01: 1661,-14611,8763,4016,-13171,1586,-167,81,157.
S01: 2861,-11128,12847,1684,-9004,2055,-39,113,131.
S01: -7945,-15753,14389,609,-387,293,249,81,-29.
S01: 5106,-11526,11689,-632,-68,-470,233,17,-29.
S01: 5946,-11898,12719,99,1128,-72,209,33,-45.
S01: 7037,-12040,11288,-934,3584,-1131,217,57,-11.
S01: 2180,-11280,10998,-1204,3938,-1247,241,49,-25.
S01: 3249,-13207,8229,-1515,1775,-2146,233,129,33.
S01: 4900,-12781,8756,-282,2949,-1443,185,153,19.
S01: 4215,-13555,9540,36,-387,-231,49,257,55.
S01: 3880,-12273,8763,-127,-214,-263,49,217,77.
S01: 3092,-13156,7720,358,-5707,564,33,249,69.
S01: 9672,-14278,7438,50,-5882,-525,33,225,51.
S01: 12061,-12755,4357,-356,-2548,-992,97,209,33.
S01: 13014,-11839,4786,-1026,1507,-718,1,249,11.
S01: 10667,-12207,7818,-881,4540,-870,-23,281,1.
S01: 8867,-12686,7314,-1780,7526,-609,-15,249,29.
S01: 6141,-12893,8439,-121,3583,-736,-71,265,73.
S01: 6294,-11807,9045,428,8065,-610,-111,297,93.
S01: 2486,-11066,12264,951,3612,-491,-167,281,95.
S01: 11123,-10699,-6241,4452,-6946,-2331,-287,289,97.
S01: 5272,-8060,12791,-825,4400,-584,-359,337,67.
S01: 3779,-8991,13163,-22,-1040,636,-455,361,41.
S01: 5534,-8023,13336,295,-3618,374,-455,337,41.
S01: 11104,-5786,13226,-606,-8499,497,-423,353,51.
S01: 23816,-9248,13353,-1243,-8218,213,-399,337,67.
S01: 15469,-9177,8468,-84,-204,-190,-343,289,65.
S01: 13985,-6221,3787,-489,-3421,-15,-295,345,79.
S01: 10117,-2944,-4888,-1265,-2186,-947,-279,353,65.
S01: 9390,-8318,-860,-515,317,-1785,-263,329,53.
S01: 15538,-8076,645,-503,-2295,-1651,-263,361,63.
S01: 19955,-14089,-870,-769,-120,-1568,-359,345,65.
S01: 17285,-6685,132,-344,420,-1334,-399,353,89.
S01: 18754,-3251,-2027,-229,-700,-242,-471,281,83.
S01: 19292,-3553,-2259,25,-887,1087,-535,313,91.
S01: 19825,-3590,-857,-688,49,2209,-487,289,105.
S01: 6556,-4927,-1161,-1078,799,2060,-367,321,91.
S01: 21183,-8505,-4631,-1984,1614,2809,-319,297,91.
S01: 14282,-13658,-3322,61,1958,4270,-271,321,107.
S01: 7074,-12280,-1453,276,2130,4565,-199,273,115.
S01: 7097,-11781,-889,329,2112,4464,-23,241,91.
S01: 1252,-15091,837,-95,2868,4160,33,137,139.
S01: -1899,-17562,1340,467,2334,2535,65,73,131.
S01: -13668,-15217,-356,589,2123,3433,129,-15,135.
S01: -6134,-14116,-127,485,1733,2131,145,-39,141.
S01: -9056,-13051,531,540,1188,1816,161,-95,173.
S01: -11267,-14847,1091,219,-1900,931,89,-135,167.
S01: -9310,-12949,120,-93,2545,-1151,137,-207,177.
S01: -6638,-15201,-2835,1554,4756,-1684,153,-167,167.
S01: -7426,-14119,-564,1521,2054,-336,25,-151,215.
S01: -7183,-15965,195,2412,1291,-1364,-119,-95,175.
S01: -3348,-15072,5801,1383,3727,-1430,-231,1,183.
S01: -6225,-13362,4943,662,-5116,736,-335,65,189.
S01: -5253,-14363,1699,1061,164,-216,-407,97,159.
S01: -4139,-12926,5185,306,-3465,-61,-215,161,163.
S01: -5851,-13365,4835,674,-2878,-1398,-151,185,163.
S01: 352,-13012,10665,1454,-11929,-47,-175,185,153.
S01: 3482,-12435,7730,2,-3038,-1208,-111,209,119.
S01: 6554,-12017,7806,-553,-2369,-315,89,249,47.
S01: 6910,-11529,7278,95,2283,-838,81,241,33.
S01: 10317,-11413,8567,-59,6509,-1797,49,209,55.
S01: 7404,-10121,9723,-451,-482,-798,25,265,45.
S01: 7139,-9754,7047,-741,1635,-1848,-103,313,69.
S01: 8552,-14714,10601,-1712,1660,1556,-127,313,79.
S01: 8180,-14377,10719,-294,-572,1207,-159,297,81.
S01: 6275,-13749,9551,-843,2694,1421,-151,297,95.
S01: 767,-13502,7192,-1963,4989,2813,-39,193,105.
S01: -1491,-16736,4319,-1793,5519,2506,-71,193,123.
S01: -5303,-14572,155,-2097,3879,2315,-87,97,125.
S01: -8389,-13398,-5036,-1738,5131,1605,-151,49,189.
S01: -7517,-14503,-3860,-6,882,957,-295,-47,197.
S01: -9294,-10873,-4927,-233,480,823,-407,-39,199.
S01: -9342,-9386,-5618,-317,-281,472,-375,-111,189.
S01: -10029,-11815,-6004,-176,885,157,-343,-47,203.
S01: -8925,-9812,-5630,-178,453,-386,-375,-87,199.
S01: -9876,-13016,-7660,-228,1683,-243,-375,-119,199.
S01: -7747,-11620,-6862,-111,6028,-859,-407,-135,201.
S01: -5437,-14184,-9130,-391,-2327,213,-687,-175,179.
S01: -6476,-10414,-6418,-117,-1506,129,-671,-191,185.
S01: -5489,-10851,-7329,-327,-1057,421,-623,-167,181.
S01: -9556,-13300,-10188,-654,-3442,1162,-575,-183,193.
S01: -8810,-11513,-7398,655,2077,-112,-447,-199,191.
S01: -9479,-9651,-5788,454,-253,833,-399,-159,203.
S01: -10390,-10174,-5501,842,-487,1116,-447,-191,189.
S01: -10003,-9629,-8118,1347,1807,755,-455,-151,203.
S01: -16395,-8505,5790,1711,-1240,1731,-447,-87,187.
S01: -12562,-8624,-6257,796,784,451,-407,17,183.
S01: -14311,-9903,-3247,1110,-1824,1013,-407,49,161.
S01: -13246,-7662,-3500,1504,-1421,787,-367,49,185.
S01: -12660,-7919,2998,1324,-8143,455,-343,57,165.
S01: -8649,-6576,2301,2726,-1066,-542,-215,161,171.
S01: -12621,-7495,9300,1398,1383,-1,-111,153,117.
S01: -9889,-4766,6438,1285,-1290,-229,-55,281,113.
S01: -11829,-8113,12069,1176,-8858,2341,-71,209,99.
S01: -5469,-1360,13131,1213,-3731,-82,9,305,63.
S01: -7181,-5566,24218,835,-5411,1142,105,265,33.
S01: 3282,-1244,15580,2164,-11139,-645,41,225,-3.
S01: 9660,-7090,10537,-202,-5487,1228,-7,257,5.
S01: 9617,504,9599,381,329,658,-151,249,-85.
S01: 18226,-2636,14122,-2902,26,835,-247,233,-61.
S01: 11079,-3484,11747,-2106,9,1158,-183,257,-67.
S01: 12073,-8369,9640,-1793,-83,1671,-255,289,-39.
S01: 10696,-6309,10635,-1520,972,666,-175,305,-49.
S01: 10847,-9303,8011,-1364,771,718,-95,273,-17.
S01: 11512,-11283,8774,-1425,809,623,-119,313,13.
S01: 8975,-10909,7665,-1450,1029,1348,-79,289,21.
S01: 7687,-11570,7647,-1897,214,1548,-31,289,17.
S01: 9050,-13510,6532,-1541,1696,609,105,273,31.
S01: 5749,-16620,5775,-2003,2511,1756,97,273,51.
S01: 6128,-15007,5233,-493,3591,1050,73,257,85.
S01: 432,-15600,1841,-511,3094,1251,73,137,83.
S01: -466,-17719,5137,318,3646,898,65,137,127.
S01: -4857,-15489,2105,-744,4287,2128,-47,169,119.
S01: -4046,-14399,2927,391,3290,1133,-79,129,141.
S01: -6327,-14106,871,-215,3789,1124,-111,65,181.
S01: -6680,-11931,-321,-76,3060,1122,-271,49,161.
S01: -443,-17995,-12631,-33,-691,3075,-303,-15,183.
S01: -11001,-11121,-4245,52,-257,1093,-375,65,189.
S01: -12297,-10238,-5545,548,2550,895,-335,41,177.
S01: -13068,-10433,-2937,928,-5120,413,-343,41,183.
S01: -10511,-7081,3715,3134,-5821,287,-311,25,175.
S01: -10063,-9941,15828,2769,-6488,20,-167,81,141.
S01: -659,-5855,12978,2211,-4409,-572,49,169,95.
S01: -1080,-7963,15934,543,-2436,-259,113,257,57.
S01: 1285,-7300,14157,-429,-1683,401,137,225,45.
S01: 3045,-7088,12890,-484,-1128,-184,145,233,7.
S01: -1304,-8659,14064,-305,-134,44,121,225,29.
S01: -1882,-8671,17278,-1508,-1820,-355,113,265,23.
