Cap: 944 927 901 877 862 862 1259 893 877 927 1403 1183 722
Cap: 944 927 901 877 862 854 1259 893 877 927 1403 1142 722 
Cap: 944 927 901 877 862 862 1259 893 877 918 1403 1183 722 
Cap: 944 927 901 877 862 862 1259 893 877 918 1403 1183 722 
Cap: 944 927 901 877 862 862 1259 893 877 927 1403 1183 722 
Cap: 944 927 901 877 862 862 1259 893 877 927 1403 1183 722

Cap: 927 927 901 877 862 862 1259 901 877 918 1403 1183 722 
Cap: 944 927 893 877 862 854 1259 893 877 918 1403 1183 722 
Cap: 944 927 901 877 862 862 1259 893 877 918 1403 1183 722 
Cap: 944 927 901 877 862 862 1259 877 877 927 1403 1183 722 
Cap: 944 927 901 877 862 862 1259 893 877 918 1403 1183 722 
Cap: 944 927 901 877 862 862 1259 893 877 927 1403 1183 722 
Cap: 944 927 901 877 862 862 1259 893 877 918 1403 1183 722 
Cap: 944 927 901 877 862 862 1259 893 877 918 1403 1183 722 
Cap: 944 927 901 877 862 862 1243 893 877 918 1403 1183 722 
Cap: 944 927 901 877 862 862 1259 893 877 927 1403 1183 722 
Cap: 944 927 901 877 862 862 1243 893 877 927 1403 1183 722 
Cap: 944 927 901 877 862 862 1259 893 877 918 1403 1183 722 
Cap: 944 927 901 869 862 854 1259 893 877 918 1403 1183 722 
Cap: 944 927 901 877 862 862 1259 893 877 927 1403 1183 722 
Cap: 944 927 901 877 862 862 1259 893 877 927 1403 1183 722 
Cap: 944 927 901 877 862 862 1259 893 877 918 1403 1183 722 
Cap: 944 927 901 877 862 862 1259 893 877 918 1403 1183 722 
Cap: 944 927 901 877 862 862 1259 893 877 927 1403 1183 722 
Cap: 944 927 901 877 862 862 1243 893 877 927 1403 1183 722 
Cap: 944 927 901 877 862 862 1259 893 877 918 1403 1183 722 
Cap: 944 927 901 877 862 862 1259 893 877 918 1403 1183 722 
Cap: 944 927 901 877 862 862 1259 893 877 927 1403 1183 722 
Cap: 944 927 901 877 862 862 1259 893 877 901 1403 1183 722 
Cap: 944 927 901 877 862 862 1259 893 877 918 1384 1183 722 
Cap: 944 918 901 877 862 862 1259 893 877 918 1403 1183 722 
Cap: 944 927 901 877 862 862 1259 893 877 927 1403 1183 722 
Cap: 944 927 893 877 862 862 1243 901 877 927 1403 1183 722 
Cap: 944 927 901 877 862 862 1259 893 877 918 1403 1183 722 
Cap: 944 927 901 877 862 862 1259 893 877 927 1403 1183 722 
Cap: 944 927 901 877 862 862 1259 893 877 918 1403 1183 722 
Cap: 944 909 901 877 862 862 1276 893 877 918 1403 1183 722 
Cap: 944 927 901 877 862 862 1259 893 877 918 1403 1183 722 
Cap: 944 927 901 877 862 862 1243 893 877 927 1403 1129 722 
Cap: 944 927 901 877 862 839 1259 893 877 927 1384 1183 722 
Cap: 944 927 901 877 862 862 1259 893 877 918 1403 1183 722 
Cap: 944 927 901 877 862 862 1259 893 877 927 1403 1183 722 
Cap: 944 927 901 877 862 862 1259 893 877 927 1403 1183 722 
Cap: 944 927 901 877 862 862 1259 893 877 927 1403 1183 722 
Cap: 944 927 901 877 862 862 1259 893 877 918 1403 1183 722 
Cap: 944 927 901 877 862 862 1259 893 877 927 1403 1183 722 
Cap: 944 927 901 877 862 862 1259 893 877 918 1403 1183 722 
Cap: 944 927 901 877 862 862 1259 893 877 927 1403 1183 722 
Cap: 944 927 901 877 862 862 1259 893 877 918 1403 1183 722 
Cap: 944 927 901 877 862 862 1259 901 877 918 1403 1183 722 
Cap: 944 927 901 877 862 862 1259 893 877 927 1403 1183 722 
Cap: 944 927 901 877 862 862 1259 893 877 927 1403 1183 722 
Cap: 944 927 901 877 862 862 1259 893 877 927 1403 1183 722 
Cap: 944 927 901 877 862 854 1259 893 877 927 1403 1183 722 
Cap: 944 927 901 877 862 862 1259 893 877 927 1403 1183 722 
Cap: 944 927 901 877 862 862 1259 893 877 918 1403 1183 722 
Cap: 944 927 901 877 862 862 1259 893 877 918 1403 1183 722 
Cap: 944 927 901 877 862 862 1259 893 877 918 1403 1183 722 
Cap: 944 927 901 877 862 862 1243 893 877 927 1403 1183 722 
Cap: 944 927 901 877 862 862 1259 893 877 918 1403 1183 722 
Cap: 944 927 901 877 862 854 1259 893 877 918 1403 1183 722 
Cap: 944 927 901 909 862 854 1243 893 877 918 1403 1183 722 
Cap: 944 927 901 877 862 862 1259 893 877 918 1403 1183 722 
Cap: 944 927 901 877 862 862 1259 893 877 918 1403 1183 722 
Cap: 944 927 901 877 862 862 1259 893 877 918 1403 1183 722 
Cap: 944 927 901 877 862 862 1259 893 877 918 1384 1183 722 
Cap: 944 927 901 877 862 862 1259 893 877 918 1403 1183 722 
Cap: 944 927 901 877 862 862 1259 893 877 918 1403 1183 722 
Cap: 944 927 901 877 862 862 1243 893 877 918 1403 1183 722 
Cap: 944 927 901 877 862 862 1259 893 877 927 1403 1183 722 
Cap: 944 927 901 877 862 854 1259 893 877 918 1403 1183 722 
Cap: 944 927 901 877 862 862 1259 893 877 918 1403 1183 727 
Cap: 944 927 901 877 862 862 1259 893 877 927 1403 1169 722 
Cap: 944 927 901 877 862 862 1259 893 877 927 1403 1183 722 
Cap: 944 927 901 877 862 862 1259 893 877 918 1403 1183 722 
Cap: 944 927 901 877 862 862 1259 893 877 927 1384 1183 722 
Cap: 944 927 901 877 862 862 1259 893 877 918 1403 1183 722 
Cap: 944 927 901 877 862 862 1259 893 877 918 1403 1183 722 
Cap: 944 927 901 877 862 862 1259 893 877 918 1403 1183 722 
Cap: 944 927 901 877 862 862 1259 893 877 918 1403 1183 722 
Cap: 944 927 901 877 862 862 1259 893 877 918 1403 1183 722 
Cap: 944 927 901 877 862 854 1243 893 877 918 1403 1183 722 
Cap: 944 927 901 877 862 862 1213 893 877 918 1403 1183 722 
Cap: 944 927 901 877 862 862 1259 893 877 918 1403 1183 722 
Cap: 944 927 901 877 862 862 1259 893 877 927 1403 1183 722 
Cap: 944 927 901 877 862 847 1259 893 877 927 1403 1183 722 
Cap: 944 927 901 877 862 862 1259 893 877 944 1403 1183 722 
Cap: 944 927 901 877 862 862 1259 893 877 918 1403 1142 722 
Cap: 944 927 901 877 862 862 1243 893 877 918 1403 1183 722 
Cap: 944 927 901 877 862 854 1243 893 877 918 1403 1183 722 
Cap: 944 927 901 877 862 862 1259 901 877 909 1403 1183 722 
Cap: 944 927 901 877 862 862 1259 893 877 918 1403 1183 722 
Cap: 944 927 901 877 862 862 1243 893 877 918 1403 1183 722 
Cap: 944 927 901 877 862 862 1243 893 877 927 1403 1183 722 
Cap: 944 927 901 877 862 862 1259 893 877 927 1403 1183 722 
Cap: 944 927 901 877 862 862 1243 893 877 927 1403 1183 722 
Cap: 944 927 901 877 862 862 1259 893 877 927 1403 1183 722 
Cap: 944 927 901 877 862 862 1259 893 877 918 1403 1183 722 
Cap: 944 927 901 877 862 862 1243 893 877 927 1403 1183 722 
Cap: 944 927 901 877 862 839 1259 893 877 918 1403 1183 722 
Cap: 944 927 901 877 862 862 1259 893 877 918 1403 1183 722 
Cap: 944 927 901 877 862 862 1259 893 877 918 1403 1183 722 
Cap: 944 927 901 877 862 862 1243 893 877 918 1403 1183 722 
Cap: 944 927 901 869 862 862 1259 893 877 918 1403 1183 722 
Cap: 944 927 901 877 862 862 1259 893 877 927 1403 1183 722 
Cap: 944 927 901 877 862 862 1243 893 877 918 1403 1183 722 
Cap: 944 927 901 877 862 862 1259 893 877 918 1403 1183 722 
Cap: 944 927 901 877 862 862 1243 893 877 927 1403 1183 722 
Cap: 944 927 901 877 862 862 1259 909 877 918 1403 1183 722 
Cap: 944 927 901 869 862 862 1243 893 877 918 1403 1183 722 
Cap: 944 927 901 877 862 862 1243 893 877 927 1403 1183 722 
Cap: 944 927 901 877 862 893 1259 893 877 927 1403 1183 722 
Cap: 944 927 901 877 862 862 1259 893 877 927 1403 1183 722 
Cap: 944 927 901 877 862 854 1243 893 877 918 1403 1183 722 
Cap: 972 927 901 877 862 862 1243 893 877 927 1403 1183 722 
Cap: 944 927 893 877 862 862 1259 893 877 927 1403 1183 722 
Cap: 944 927 901 877 862 862 1259 893 877 927 1403 1183 722 
Cap: 944 927 901 877 862 854 1259 893 877 927 1403 1183 722 
Cap: 944 927 901 877 862 862 1259 893 877 918 1403 1183 722 
Cap: 944 927 901 877 862 862 1259 893 877 927 1403 1183 722 
Cap: 944 927 901 877 862 854 1259 893 877 927 1403 1183 722 
Cap: 944 927 901 877 862 862 1259 893 877 927 1403 1183 722 
Cap: 944 927 901 877 862 862 1259 893 877 927 1403 1183 722 
Cap: 944 927 901 877 862 862 1259 893 877 927 1403 1183 722 
Cap: 944 927 901 877 862 862 1259 893 877 918 1403 1183 722 
Cap: 944 927 901 877 862 862 1259 893 877 927 1403 1183 722 
Cap: 944 927 901 877 862 862 1259 893 877 927 1403 1183 722 
Cap: 944 927 901 877 862 862 1259 893 877 927 1403 1183 722 
Cap: 944 927 901 877 862 862 1259 893 877 927 1403 1183 722 
Cap: 944 927 901 877 862 862 1259 893 877 927 1403 1183 722 
Cap: 944 927 901 877 862 862 1259 893 877 927 1403 1183 722 
Cap: 944 927 901 877 862 862 1259 893 877 927 1403 1183 722 
Cap: 944 927 901 877 862 862 1213 893 877 927 1403 1183 722 
Cap: 944 927 901 877 862 862 1259 893 877 927 1403 1183 722 
Cap: 944 927 901 877 862 862 1259 893 877 927 1403 1183 722 
Cap: 944 927 901 877 862 862 1259 893 877 918 1403 1183 722 
Cap: 944 918 901 877 862 862 1259 893 877 927 1403 1183 722 
Cap: 944 927 901 893 847 862 1259 893 877 927 1403 1183 722 
Cap: 944 927 901 877 862 862 1259 893 877 927 1403 1183 722 
Cap: 944 927 901 877 862 862 1259 893 877 927 1403 1183 722 
Cap: 944 927 901 877 862 862 1259 893 877 927 1403 1183 722 
Cap: 944 927 901 877 862 862 1243 893 877 927 1403 1183 722 
Cap: 944 927 901 877 862 862 1259 893 877 927 1403 1183 722 
Cap: 944 927 901 869 862 862 1259 893 877 927 1403 1183 722 
Cap: 944 927 901 869 862 862 1259 893 877 918 1403 1198 722 
Cap: 944 927 901 877 862 862 1259 893 877 918 1403 1183 750 
Cap: 944 927 901 877 862 862 1259 893 877 927 1403 1183 722 
Cap: 944 927 901 877 862 862 1259 893 877 918 1403 1183 722 
Cap: 944 927 901 877 862 862 1259 893 877 927 1403 1183 722 
Cap: 944 927 901 877 862 862 1259 893 877 918 1403 1183 722 
Cap: 944 927 901 877 862 862 1243 893 877 927 1403 1183 722 
Cap: 944 927 901 877 862 862 1259 893 877 927 1403 1183 722 
Cap: 944 927 901 877 862 862 1259 893 877 927 1403 1183 722 
Cap: 944 927 901 877 862 862 1259 893 877 927 1403 1183 722 
Cap: 944 927 901 877 862 862 1259 893 877 918 1403 1183 722 
Cap: 944 927 901 877 862 862 1259 893 877 918 1403 1183 722 
Cap: 944 927 901 877 862 862 1259 893 877 927 1403 1183 722 
Cap: 944 927 901 877 862 862 1259 893 877 918 1403 1183 722 
Cap: 944 927 901 877 854 862 1259 893 877 927 1403 1183 722 
Cap: 944 927 901 877 862 862 1259 893 877 918 1384 1183 722 
Cap: 944 927 901 877 862 862 1259 893 877 927 1403 1183 722 
Cap: 944 927 901 877 862 862 1293 893 877 918 1403 1183 722 
Cap: 944 918 901 877 862 862 1259 893 877 927 1403 1183 722 
Cap: 944 927 901 869 862 862 1259 893 877 927 1403 1183 722 
Cap: 944 927 901 877 862 854 1259 893 877 918 1403 1183 722 
Cap: 944 927 901 877 862 862 1259 893 877 918 1403 1183 722 
Cap: 944 927 901 869 862 862 1259 893 877 918 1403 1183 722 
Cap: 944 927 901 877 862 862 1243 893 877 918 1403 1183 722 
Cap: 944 927 901 877 862 862 1259 893 877 927 1403 1183 722 
Cap: 944 927 901 877 862 862 1259 893 877 927 1403 1183 722 
Cap: 944 927 901 825 862 862 1243 893 877 927 1403 1183 722 
Cap: 944 927 901 877 862 862 1259 901 877 918 1403 1183 722 
Cap: 944 927 901 877 862 862 1243 893 877 918 1403 1183 722 
Cap: 944 927 893 869 862 862 1259 893 877 918 1403 1183 722 
Cap: 944 927 901 877 862 862 1259 893 877 918 1403 1183 722 
Cap: 944 927 901 877 862 862 1259 893 877 927 1384 1183 722 
Cap: 944 927 901 877 862 862 1259 893 877 927 1384 1183 722 
Cap: 944 927 901 877 862 862 1259 918 877 918 1403 1183 722 
Cap: 944 927 901 877 862 862 1259 893 877 854 1403 1183 722 
Cap: 944 927 901 877 862 862 1259 893 877 918 1403 1183 722 
Cap: 944 927 901 877 862 854 1259 893 877 918 1403 1183 722 
Cap: 944 927 901 877 862 862 1243 893 877 918 1403 1183 722 
Cap: 944 927 901 877 862 862 1259 893 877 927 1403 1183 722 
Cap: 944 927 901 877 862 862 1243 893 877 927 1403 1183 722 
Cap: 944 927 901 877 862 862 1259 893 885 918 1403 1183 722 
Cap: 944 927 901 877 862 854 1259 893 877 927 1403 1183 722 
Cap: 944 927 901 877 854 862 1259 893 877 918 1403 1183 722 
Cap: 944 927 901 869 862 862 1259 893 877 927 1403 1183 722 
Cap: 944 927 901 877 862 862 1243 893 877 927 1403 1183 722 
Cap: 944 927 901 877 862 854 1259 901 877 927 1403 1183 722 
Cap: 944 927 901 877 862 862 1243 893 877 927 1403 1183 722 
Cap: 944 927 901 877 862 862 1259 893 877 927 1384 1183 722 
Cap: 944 927 901 877 862 862 1259 893 877 927 1403 1183 722 
Cap: 944 927 901 877 862 862 1259 893 877 918 1403 1183 722 
Cap: 944 927 901 877 862 862 1259 901 877 927 1403 1183 722 
Cap: 944 927 893 877 862 862 1259 893 877 918 1403 1183 722 
Cap: 944 927 901 877 854 854 1259 893 877 927 1403 1183 722 
Cap: 944 927 901 869 862 862 1259 893 877 918 1403 1183 722 
Cap: 944 927 901 877 862 862 1259 893 877 927 1384 1183 722 
Cap: 944 927 909 877 862 862 1259 893 877 927 1403 1183 722 
Cap: 954 927 901 877 862 862 1259 893 877 927 1403 1183 722 
Cap: 944 927 893 877 862 862 1259 893 877 918 1403 1183 722 
Cap: 944 927 901 877 854 862 1259 893 877 927 1403 1183 722 
Cap: 944 927 901 877 862 862 1243 893 877 927 1403 1183 722 
Cap: 944 927 901 877 862 862 1198 893 877 927 1403 1183 722 
Cap: 944 927 901 877 862 862 1243 893 877 927 1403 1183 722 
Cap: 944 927 901 869 862 862 1243 893 877 927 1403 1183 722 
Cap: 944 927 901 877 854 862 1259 893 877 927 1403 1183 722 
Cap: 944 927 901 877 862 862 1259 893 877 927 1403 1183 722 
Cap: 944 927 893 877 862 862 1259 893 877 927 1403 1183 722 
Cap: 944 927 901 877 862 862 1243 893 877 918 1403 1183 722 
Cap: 944 927 901 877 862 854 1243 893 877 918 1403 1183 722 
Cap: 944 927 901 877 862 862 1243 893 877 918 1403 1183 722 
Cap: 944 927 901 877 862 862 1259 893 869 927 1403 1183 722 
Cap: 944 927 901 877 862 862 1259 893 877 927 1403 1183 722 
Cap: 944 927 901 877 862 862 1243 893 877 927 1403 1183 722 
Cap: 944 918 901 877 862 862 1243 901 877 918 1403 1183 722 
Cap: 944 927 901 877 862 854 1259 893 877 918 1403 1183 722 
Cap: 944 927 901 877 862 862 1259 893 877 927 1403 1183 722 
Cap: 944 927 901 877 862 862 1259 893 877 927 1403 1183 722 
Cap: 944 927 901 877 862 862 1259 944 877 918 1403 1183 722 
Cap: 944 927 901 877 862 862 1259 901 954 927 1403 1183 722 
Cap: 944 918 901 877 862 862 1243 893 877 927 1403 1183 722 
Cap: 944 927 901 877 862 862 1259 893 877 927 1403 1183 722 
Cap: 944 927 901 877 862 862 1259 893 877 918 1403 1183 722 
Cap: 944 927 901 877 862 854 1243 893 877 918 1384 1183 722 
Cap: 944 927 901 877 862 854 1243 893 877 918 1403 1183 722 
Cap: 954 927 901 877 862 862 1243 893 877 918 1403 1183 722 
Cap: 944 927 901 877 862 862 1259 893 877 918 1403 1183 722 
Cap: 944 927 901 877 862 862 1259 893 877 918 1403 1183 722 
Cap: 954 927 901 877 862 862 1243 893 877 927 1403 1183 722 
Cap: 944 927 901 877 862 862 1259 893 909 927 1403 1183 722 
Cap: 944 927 901 877 862 862 1243 893 877 918 1403 1183 722 
Cap: 944 927 901 869 862 854 1259 893 877 918 1403 1183 722 
Cap: 944 927 901 877 862 862 1243 901 877 927 1403 1183 722 
Cap: 944 927 901 877 862 862 1259 893 877 918 1384 1183 722 
Cap: 944 927 901 877 862 862 1243 893 877 918 1403 1183 722 
Cap: 944 927 901 877 862 862 1259 893 877 927 1403 1183 722 
Cap: 944 927 901 877 862 854 1259 893 877 927 1403 1183 722 
Cap: 944 927 854 869 862 862 1243 901 877 918 1403 1183 722 
Cap: 944 927 901 877 862 862 1259 893 877 927 1403 1183 722 
Cap: 944 927 901 877 862 862 1259 893 877 927 1403 1183 727 
Cap: 944 927 901 877 862 854 1228 893 877 918 1403 1183 722 
Cap: 944 927 901 877 862 854 1243 893 877 918 1403 1183 722 
Cap: 944 927 901 869 862 862 1243 893 877 927 1403 1183 722 
Cap: 944 927 901 869 862 854 1243 893 877 918 1403 1183 722 
Cap: 944 927 901 877 862 862 1259 893 877 927 1403 1183 722 
Cap: 944 927 901 877 862 854 1259 893 877 927 1403 1183 722 
Cap: 944 927 901 869 862 854 1243 893 877 918 1403 1183 722 
Cap: 944 927 901 877 862 862 1243 893 877 927 1403 1183 722 
Cap: 944 927 893 877 862 862 1243 893 877 918 1403 1183 722 
Cap: 944 927 901 877 862 854 1243 893 877 927 1403 1183 722 
Cap: 944 927 901 877 862 862 1259 893 877 918 1403 1183 722 
Cap: 944 927 901 877 862 862 1259 893 877 927 1384 1183 722 
Cap: 944 918 901 877 862 862 1259 893 885 927 1384 1183 722 
Cap: 944 927 901 877 862 862 1259 893 877 918 1403 1183 722 
Cap: 944 927 901 877 862 862 1259 893 877 918 1403 1183 722 
Cap: 944 927 901 877 862 862 1259 893 885 918 1403 1183 722 
Cap: 944 927 901 877 862 862 1259 893 877 918 1403 1183 722 
Cap: 944 927 901 877 862 862 1259 893 877 918 1403 1183 722 
Cap: 944 927 901 869 862 862 1259 893 877 918 1403 1183 722 
Cap: 944 927 901 877 862 862 1259 893 877 927 1403 1183 722 
Cap: 944 927 901 877 862 854 1259 893 877 927 1403 1183 722 
Cap: 944 927 901 877 862 862 1243 893 877 918 1403 1183 722 
Cap: 944 927 901 877 862 862 1243 893 877 927 1384 1183 722 
Cap: 944 927 901 877 862 862 1259 893 877 927 1403 1183 722 
Cap: 944 927 901 877 862 854 1243 893 877 918 1403 1183 722 
Cap: 944 927 901 877 862 862 1259 893 885 927 1403 1183 722 
Cap: 944 927 901 877 862 862 1259 893 877 918 1403 1198 722 
Cap: 944 927 901 877 862 862 1259 893 877 918 1403 1183 722 
Cap: 944 927 901 877 862 862 1243 893 877 918 1403 1183 722 
Cap: 944 944 901 877 862 862 1259 893 885 927 1384 1183 722 
Cap: 944 927 901 877 862 862 1243 893 877 893 1403 1183 722 
Cap: 944 927 901 877 862 862 1259 893 877 927 1403 1183 727 
Cap: 944 909 901 877 862 862 1243 893 877 918 1403 1183 722 
Cap: 944 927 901 877 862 854 1243 893 877 918 1403 1183 722 
Cap: 944 927 901 877 862 862 1259 893 877 918 1403 1183 722 
Cap: 944 927 901 877 862 862 1259 893 877 918 1403 1183 722 
Cap: 944 927 901 869 862 854 1259 893 877 927 1403 1183 722 
Cap: 944 927 901 877 862 862 1259 893 877 927 1403 1183 722 
Cap: 944 927 901 877 862 862 1259 893 877 918 1403 1183 722 
Cap: 944 927 901 877 862 862 1259 893 877 918 1403 1183 722 
Cap: 944 927 901 877 862 862 1259 893 877 927 1403 1183 722 
Cap: 909 927 901 877 862 862 1259 893 877 927 1403 1183 722 
Cap: 944 927 901 877 862 862 1228 893 877 927 1403 1183 727 
Cap: 944 927 901 877 862 862 1259 893 877 927 1403 1183 722 
Cap: 944 927 901 869 862 862 1259 893 877 918 1403 1183 722 
Cap: 954 927 901 877 862 862 1259 893 877 927 1403 1183 722 
Cap: 944 927 901 877 862 862 1259 893 877 927 1403 1183 722 
Cap: 944 927 901 877 862 862 1259 893 877 918 1403 1183 722 
Cap: 944 927 901 877 862 862 1259 893 877 918 1403 1183 722 
Cap: 944 927 901 877 862 862 1259 893 877 927 1403 1183 722 
Cap: 944 927 901 877 854 862 1259 893 877 927 1403 1183 722 
Cap: 944 927 901 877 862 862 1259 893 877 927 1403 1183 722 
Cap: 944 927 901 877 862 862 1243 893 877 918 1403 1183 722 
Cap: 944 927 901 877 862 862 1243 893 877 918 1403 1183 722 
Cap: 944 927 901 877 862 862 1243 893 877 918 1403 1183 722 
Cap: 944 927 901 877 854 862 1243 893 877 918 1403 1183 722 
Cap: 944 927 901 877 862 862 1243 893 877 918 1403 1183 722 
Cap: 944 927 901 877 862 862 1259 893 877 927 1403 1183 722 
Cap: 944 927 901 877 862 862 1243 893 877 918 1403 1183 722